Starting up...
Bluetooth Sample Recieve ('hcitool dev' in terminal returns the bluetooth address of this device)
Registering data store callback...
Registering WebSocket callback...
Starting DB thread...Server listening on Reading from datasource. 
8080
13878,14233
22438,22326
4919,28214
311,42805
62773,45623
13851,14251
13824,0
13824,0
13824,0
13841,14253
13834,14219
13821,0
54,17207
36918,23095
13878,13879
39222,14647
13882,14200
13870,14205
13898,14208
13925,14233
13842,14137
13879,14231
13840,14172
13912,14173
13878,4406
13928,14134
2615,35638
15671,41526
12855,58678
21303,30262
13878,13881
14179,13882
14182,13881
13878,18999
32822,3383
59701,60215
49974,6711
sending pilot state: 0
25909,60983
13855,14134
22583,23862
16951,49206
15926,12599
38709,51767
41014,9015
52022,1847
26933,60983
37430,13882
13817,14218
13866,14211
13891,14206
13910,14295
13835,14262
13930,13621
13894,14134
7991,34358
13878,15927
22838,15671
27446,13770
13884,14363
13839,14215
13896,14261
13828,14280
13850,14184
13871,14179
13922,14168
13859,14217
13848,14285
13881,14134
27190,8759
30773,41783
13822,13878
8759,51766
13858,14251
13873,14203
13871,14134
sending pilot state: 1
3895,34613
13622,1079
51254,22583
13878,12087
13909,14246
13920,13859
13865,14210
13799,14146
13831,14242
13958,14133
13871,14232
13912,14267
13878,13858
13901,14206
13807,14134
13838,14303
13860,13815
13873,14240
13877,14134
13878,21814
21815,42550
8503,60470
13930,14288
13864,14214
13900,14134
34358,19767
27190,13912
14267,13878
7479,38198
13843,14255
13876,14192
13855,14134
13880,14207
13886,14243
13878,7991
38966,1335
13878,8503
13869,14134
13878,10295
sending pilot state: 0
13829,14134
13829,13901
14186,13846
14245,13877
13876,14134
13886,14206
13822,14235
13890,14210
13863,14171
13925,14248
13862,14185
13924,14200
13882,13887
14178,13887
14255,13802
13858,14234
13622,1335
13859,14273
13853,13877
14206,13901
14133,64055
13785,14216
13622,16950
13862,14151
13857,14217
13887,14172
13878,25654
25655,30774
4663,13622
13938,14190
13816,13858
13861,14259
13861,14240
13923,14266
13824,13901
14234,13877
13903,14142
13828,14218
sending pilot state: 1
13834,14182
13893,14193
13875,14201
13875,14202
13783,14134
4663,22070
7733,60983
51510,3895
30006,25399
13893,14134
9526,7735
16694,6711
13820,14134
13863,14134
20279,15926
7991,58678
18743,46902
13847,14263
13868,14134
13111,31286
13869,14338
13829,14133
60983,51509
65079,43574
13824,14236
13888,13854
14145,13811
14211,13855
13874,14233
13891,14226
13845,14134
18743,46902
13844,14222
13812,14203
13913,13845
14218,13783
13828,13829
13800,14133
sending pilot state: 0
13895,14134
31287,24886
10039,50230
13111,13877
62263,33590
28983,36150
13734,14223
13878,5431
13880,14134
13928,14197
13870,14187
13890,14248
13903,14170
13896,14233
13962,14240
13914,14254
13930,13863
14276,13907
14242,13878
33078,12343
18741,47415
13809,14133
13828,14134
24631,36406
27703,42550
17207,51254
13858,13890
13861,14260
13881,14134
18486,311
48694,12855
13849,14134
13942,14325
13837,14226
13887,14217
13856,14227
13778,14166
13834,14228
sending pilot state: 1
13867,14171
13878,17207
51254,21815
19766,13858
13848,14229
13906,14247
13867,14207
13862,14230
13793,14093
13811,14219
13775,14226
13941,14300
13838,14247
13866,14160
13878,13834
14228,13873
14186,13895
14285,13949
13824,14265
13810,14222
13870,14191
13915,13867
13936,13862
13825,14174
13880,14202
13877,53047
37430,19510
13800,14169
13840,14255
13874,14234
13826,14282
13862,14215
13845,13878
13853,14170
13762,14269
13803,13870
14191,13860
13837,14239
sending pilot state: 0
13917,14207
13826,13880
13805,13856
14190,13622
19511,34358
9783,35638
13917,14221
13878,567
51766,17207
45877,60983
25398,25399
47414,13762
14269,13896
13802,14176
13790,14134
13821,14215
13896,13826
14251,13854
14213,13891
14211,13802
14234,13943
14291,13886
13836,14156
13891,14142
13860,14178
13903,14134
25399,47414
22071,27446
17975,43318
13870,14255
13854,14212
13885,14129
13878,7734
7735,34102
10295,48694
13876,13943
13823,14134
13915,13878
3127,19510
sending pilot state: 1
13879,43318
13816,14182
13907,14120
13928,14193
13863,14145
13922,14206
13877,14236
13878,13885
14129,13888
13881,14162
13791,14315
13878,13366
13925,13823
13793,14192
13888,14227
13935,14174
13877,63543
26166,22070
21303,10294
14391,59702
14903,38966
13946,14134
13841,14255
13867,14134
13910,14134
14647,21045
13848,14151
13622,25911
13877,57655
28726,4407
18742,7479
34357,63287
50997,62007
36406,13880
14313,13919
14133,65335
13873,14228
13882,14213
sending pilot state: 0
13878,11063
13767,14134
22071,30262
1079,50742
13931,13807
14254,13940
14247,13889
14166,13848
14248,13909
14195,13915
13920,14134
3127,38966
25399,38454
31543,13881
14273,13881
14134,823
13839,14133
13872,14248
13818,14342
13837,14179
13883,14241
13878,14249
13910,14206
13804,14134
21815,29494
13854,14327
13897,14134
13821,14224
13897,14216
13829,14213
13847,14134
13868,14205
13834,14134
12343,43062
13891,14236
13876,14164
13801,14295
13834,14134
sending pilot state: 1
22071,32309
59959,32566
23607,41526
13912,14277
13867,13821
14224,13878
14283,13955
14133,54583
13811,14204
13841,14200
13622,36406
13878,17207
13923,14215
13878,13801
14295,13868
13930,14175
13951,13916
14242,13862
14177,13887
13892,13867
14180,13827
13785,14217
13877,54583
24118,13811
14204,13814
13833,14268
13878,14646
13818,14214
13785,14134
13833,14134
11319,39221
62263,13878
13795,14129
13821,13887
14204,13824
13878,822
823,23862
sending pilot state: 0
13822,13888
14196,13864
14172,13782
14158,13934
13878,7479
41014,4661
13875,14205
13847,14213
13888,14218
13845,14257
13898,14210
13877,64823
39990,13824
14289,13850
14241,13802
13877,13822
13869,14229
13788,14231
13796,14194
13848,14204
13870,14177
13897,14188
13878,5943
13810,14089
13810,14228
13878,18999
33334,13853
14205,13878
13871,14234
13931,13802
13892,14226
13878,11575
38198,18741
56375,13621
13804,14191
13751,13870
14177,13887
13885,14219
13848,14171
sending pilot state: 1
13786,14240
13864,14134
13865,13846
14264,13897
13963,14134
12087,39478
13843,14221
13872,14256
13834,14132
13877,63543
28982,13621
13834,14207
13853,14191
13878,15671
13836,14269
13858,14163
13852,14134
13821,14164
13909,14134
13843,14163
13856,13912
13892,14134
4919,13899
14186,13889
14134,13926
13859,14134
13801,14235
13878,7479
28469,56375
40502,24887
48693,63543
13893,14202
13840,14190
13879,14194
13893,14268
13890,14134
8247,40246
13879,22838
sending pilot state: 0
13837,14175
13831,14268
13828,14183
13827,14284
13836,13865
14126,13870
14193,13896
14229,13845
13852,14288
13909,14206
13892,13879
14194,13873
13876,14215
13913,13878
13847,14240
13842,14134
13866,14150
13851,14303
13766,14128
13855,14171
13870,14295
13852,13896
14229,13878
5431,64310
13868,14210
13870,14194
13622,12599
32054,7991
18998,3127
48694,24375
25654,4919
13899,14134
10807,17974
13845,14206
13894,14235
13831,14113
13882,14167
13848,14194
13836,14134
sending pilot state: 1
6967,13878
11319,33334
7223,37942
13878,13855
14154,13885
14246,13878
24375,25654
20791,52534
13836,14230
13897,14192
13837,13894
13823,14232
13821,14226
13883,14134
13804,14133
13953,14245
13926,14182
13877,14205
13861,14168
13786,14222
13900,14134
13913,14214
13816,14203
13872,14238
13763,14194
13870,14254
13896,14166
13908,14201
13860,14326
13899,14122
13622,33079
13854,14225
13879,14178
13883,14227
13905,14198
13878,13900
13877,14251
13834,14232
sending pilot state: 0
13864,13872
14238,13831
13933,14200
13810,14165
13899,14134
13756,13860
14326,13897
14228,13838
13785,13878
13892,14238
13891,14183
13622,20791
13895,14297
13919,14286
13918,14294
13846,14211
13855,14258
13878,27959
13829,14189
13819,13899
14287,13804
13852,14262
13830,14134
3639,55606
26679,37430
23351,45877
13931,14215
13816,14226
13806,14134
24375,52790
13623,46134
18742,12087
34870,10806
13893,14202
13929,14207
13839,13804
14205,13861
14223,13838
sending pilot state: 1
14195,13862
14261,13889
14240,13924
14239,13858
14259,13896
13794,14197
13884,14159
13818,14272
13825,14167
13832,14224
13890,13893
13794,13929
14207,13807
13622,13861
14223,13853
14200,13810
14134,12598
13740,14274
13873,14134
8759,13878
18487,13865
13806,13884
13781,14222
13622,311
13903,14194
13853,14208
13905,14207
13929,14131
13848,13799
14196,13855
13894,14253
13845,14184
13915,13740
13878,12598
12599,41526
2359,35894
30007,29238
13886,14110
sending pilot state: 0
13877,62263
62262,10295
13836,14134
13873,14233
13867,14263
13851,14190
13892,14286
13911,14155
13879,13878
13878,23351
13829,14235
13889,14209
13880,14271
13867,14237
13864,14181
13833,14276
13852,13864
14134,34359
13878,12598
13876,14255
13876,14197
13816,14271
13832,14134
22327,19254
13824,14182
13856,14134
1335,39734
13878,14390
14391,48950
13889,14293
13859,13833
14276,13824
14274,13871
14241,13840
13845,14258
13808,14189
13924,14262
13871,14134
sending pilot state: 1
2103,24886
19511,54582
19767,35638
14135,33077
62519,17462
27446,8246
1847,39734
1591,38454
13818,13824
14274,13855
14281,13915
13900,14295
13819,14335
13959,13924
14262,13887
13933,14153
13870,14203
13822,14196
13868,14315
13845,14162
13872,14210
13922,14204
13931,14216
13856,14224
13828,14249
13828,13915
14134,5175
42038,13623
13847,13959
13862,14210
13622,27959
13910,14264
13822,14230
13858,14268
13896,13845
14162,13878
12343,33334
13878,27447
sending pilot state: 0
34870,5943
13858,13828
14249,13897
14217,13842
14134,14135
13973,14220
13791,14199
13869,13621
13855,14134
22071,47158
11831,13797
14152,13897
14205,13939
14160,13831
13822,14233
13813,14239
13849,14180
13878,18742
18743,35126
823,28469
64823,28726
23863,31797
58679,35893
64567,43062
7479,48694
13621,58679
18486,20791
13750,14277
13836,14181
13794,14227
13940,13813
13778,13849
14180,13859
14151,13948
13887,14235
13930,14219
13872,14209
13850,13820
sending pilot state: 1
14248,13878
7479,48694
1847,43574
5431,49974
13889,14257
13878,3126
3127,25909
13831,14198
13913,14149
13878,9014
13866,14134
31799,47670
13111,13928
13786,14134
12343,33078
11831,14646
22582,14647
13878,5431
13825,14105
13902,14269
13851,14275
13908,13811
13813,14120
13858,14275
13884,14197
13839,14270
13782,14256
13922,14287
13877,55863
51254,13870
13826,14134
22583,35382
9014,11319
17205,13825
14105,13878
20023,48437
56119,38197
13772,14299
sending pilot state: 0
13869,14134
13878,15414
13908,13839
14270,13930
13878,14196
13777,14134
23351,39733
13855,14191
13923,14271
13862,14214
13877,47415
13854,14261
13847,13787
14229,13842
13840,14187
13890,13869
14134,35895
37686,8759
36917,62519
42038,567
31798,12599
37174,19255
13865,14243
13922,14193
13846,14261
13910,13936
14134,3127
22582,27447
29493,61239
33846,17463
13873,14137
13878,35895
37686,13858
13867,13812
14244,13930
14244,13851
14291,13878
13904,14176
13873,14233
sending pilot state: 1
13880,14249
13828,14221
13935,14243
13878,27447
13834,14240
13901,14232
13911,14157
13878,14903
49973,13896
14257,13777
14173,13853
14245,13823
14134,13367
33590,4919
40758,10295
34870,13878
13908,14223
13857,14200
13767,14286
13622,13834
14240,13758
14272,13792
13957,14122
13905,14133
49975,34357
13781,14190
13870,14216
13929,14204
13807,13843
14239,13854
14167,13913
14220,13878
21559,36661
55863,37174
13857,14219
13895,14181
13864,14152
13878,34103
sending pilot state: 0
13846,14209
13877,51767
26677,64565
13878,11830
11831,13882
14239,13823
13878,7735
22325,60471
34358,3895
13853,14188
13878,13893
13878,8502
8503,35638
13887,13864
13857,14191
13890,14255
13861,14134
13895,14194
13881,14204
13834,14246
13818,14219
13896,14270
13944,14267
13848,14202
13817,14197
13898,14191
13866,14181
13851,14164
13883,13887
13897,14134
13878,16951
44854,6967
35382,311
15670,13881
14204,13924
14098,13877
13801,14162
13877,14229
sending pilot state: 1
13902,14243
13889,14219
13857,14206
13809,14221
13809,14197
13878,15159
13897,13897
14257,13878
13882,14256
13902,14134
311,15670
13888,14160
13878,12598
12598,11831
13794,14258
13897,14206
13867,14134
13853,13857
13828,14133
13771,13809
14134,3383
22838,11575
23862,4150
11575,42038
13910,13902
14197,13878
13878,16439
20533,13903
13906,14208
13925,14133
13878,18743
13876,13878
13622,7479
36918,17463
27702,13771
14166,13838
13743,14220
13886,14262
sending pilot state: 0
13995,14196
13909,14238
13826,14348
13851,14209
13878,14133
46903,34102
6967,13841
13872,14240
13892,14196
13858,14182
13892,14244
13866,14218
13810,14216
13843,14180
13944,14185
13856,14175
13877,14134
21815,40502
13839,14225
13839,13878
13878,12855
28470,14903
13878,12343
41013,60726
17463,29750
32567,44086
13909,14271
13870,13621
13893,14254
13878,30774
13877,14214
13885,13878
13622,1590
13878,3895
13942,13839
14189,13850
13817,14210
13944,14134
sending pilot state: 1
13860,14274
13850,14198
13622,15927
13825,14207
13921,14174
13817,14253
13878,8759
13857,14242
13837,14291
13805,14227
13878,9527
13902,14206
13845,14187
13920,13621
13909,13944
13812,14208
13931,14246
13884,14202
13878,311
32566,6711
24886,1079
13874,14217
13917,14236
13890,14201
13891,14262
13790,14134
29495,41526
14647,29238
16695,16950
311,13878
21813,63285
62519,32822
13916,14134
13840,14134
9271,13931
14187,13863
14155,13893
13792,14258
13870,14276
sending pilot state: 0
13863,14270
13877,56887
8501,62263
35126,1847
13854,14228
13843,13844
14288,13880
13806,13843
13875,14229
13887,14282
13814,14269
13841,14227
13851,14219
13877,57399
45622,13879
16182,7735
13851,14267
13803,14163
13844,13831
14171,13861
14223,13833
14140,13786
14265,13877
13884,14201
13886,14221
13832,14222
13881,14208
13872,14249
13826,14224
13832,14301
13891,14168
13932,14225
13792,14210
13948,14198
13907,14273
13831,14262
13877,55863
13901,14230
sending pilot state: 1
13845,14243
13942,14280
13867,14289
13878,14647
32822,1079
13907,14134
567,36918
17719,13813
14188,13829
13863,14215
13924,14134
13896,14252
13878,1847
46646,4151
33845,63799
32821,58423
31798,20791
13871,13867
14289,13823
13831,14238
13808,13907
14196,13880
14184,13865
14237,13840
13878,10039
13911,14134
25655,26422
15415,28725
49719,24118
13864,14133
63799,32822
27703,13802
14244,13878
12087,39734
13857,13831
13621,13808
13817,14213
13731,13865
sending pilot state: 0
14237,13622
4151,17206
21047,16438
20535,21046
13877,13762
14174,13821
14193,13919
14229,13943
13877,14162
13915,14240
13835,13848
13858,14311
13805,14191
13793,13817
14213,13877
13832,14194
13910,14134
21046,13366
20535,21046
13927,14265
13832,13821
14193,13885
14222,13860
14240,13888
14292,13912
13926,14226
13803,14266
13862,14253
13878,14301
13879,13894
14134,1335
13867,14134
22071,44342
15927,55606
1591,35382
8503,31542
15927,21046
19767,8502
sending pilot state: 1
1334,14647
42038,3383
36662,311
28214,18999
13826,14230
13944,14204
13861,14134
14135,25910
13877,13867
13878,15927
13832,14231
13889,14231
13956,14236
13807,14197
13622,1335
56373,13881
13816,14198
13865,14248
13800,14167
13850,14134
567,38453
13791,14237
13895,14187
13902,14116
13835,13838
14231,13889
14208,13851
13868,14326
13836,14292
13821,14133
13621,62775
13900,14175
13868,14189
13867,14275
13861,14134
13854,14253
13621,13791
14237,13873
14222,13898
sending pilot state: 0
13874,14250
13836,14204
13849,14258
13878,11319
13876,14227
13847,14212
13858,14165
13856,14134
13878,11318
11319,27958
13884,14134
9527,43574
13880,13769
14226,13842
13827,14190
13842,14252
13866,14201
13855,14174
13622,3383
13892,14226
13880,14195
13853,14267
13881,14210
13783,14193
13878,13892
14305,13897
13865,14182
13878,14213
13883,14215
13896,14134
13622,13842
14252,13743
14299,13858
14235,13877
52023,38454
13803,14244
13915,13853
sending pilot state: 1
14267,13884
14196,13877
55095,13779
14271,13935
14178,13814
14274,13878
13879,34102
9783,45366
13846,14133
13890,14145
13895,14213
13816,14195
13896,14134
7223,13875
14133,13851
14182,13622
13860,13863
14227,13864
14207,13622
13911,14187
13766,14222
13868,14234
13892,14145
13864,13846
13622,16950
13838,14228
13845,14252
13895,14289
13878,13110
13832,14268
13809,14216
13891,14299
13841,14167
13877,63031
17974,13911
13837,14206
13814,14248
13839,14209
13622,10294
sending pilot state: 0
13847,14133
13876,14177
13878,5431
44086,21047
34101,65334
11318,20023
13933,14252
13862,14225
13901,14134
4406,13869
14270,13811
14225,13837
14262,13836
14134,14647
13756,14252
13851,14134
13864,13878
13855,14171
13866,14160
13860,13823
13914,14243
13906,14226
13878,14134
9782,3894
13852,13842
14257,13920
13792,14257
13897,14254
13951,14190
13898,14235
13878,14231
13902,14212
13937,14155
13781,14234
13933,13860
14134,15159
45110,6199
13878,13879
sending pilot state: 1
13887,14134
13848,13852
13864,14173
13877,57399
13832,14189
13922,14265
13841,14275
13911,13878
13859,14206
13911,14295
13850,14290
13894,14278
13820,14208
13876,14299
13845,14135
13845,14134
13797,14203
13795,14182
13898,14217
13858,14239
13878,25143
47414,823
23862,13911
14281,13878
9015,13848
14195,13922
14209,13802
13871,14224
13857,14241
13622,5431
14134,6455
31798,10295
13905,14238
13877,14259
13826,14161
13932,14255
13823,14261
13827,14255
sending pilot state: 0
13878,6967
13878,6199
13859,14235
13817,14284
13879,14088
13803,14241
13846,14146
13927,13849
14204,13911
14237,13880
14195,13872
14304,13883
14133,49207
36918,2871
19254,13827
14255,13928
14134,7991
13841,14248
13961,14223
13871,13879
13810,14214
13849,14184
13850,14254
13886,14183
13827,14295
13864,14205
13876,14224
13882,14256
13840,14281
13849,14237
13826,14155
13818,14166
13863,13841
14134,16695
13803,14134
12087,28726
11063,13855
13824,14162
sending pilot state: 1
13788,14226
13878,823
55094,13864
14205,13904
13843,14134
13812,14102
13842,14134
13795,14230
13854,14228
13788,14212
13921,14258
13849,14145
13838,14215
13918,14273
13939,14223
13861,14133
56374,5431
13878,21303
28981,62262
13872,14230
13877,62519
5686,4150
4663,35638
4919,14134
13755,14168
13899,14196
13864,14261
13826,14167
13850,13918
13859,14161
13886,13861
14254,13852
13854,14200
13872,14134
13911,14244
13857,14173
13816,13840
13836,14137
13851,13844
sending pilot state: 0
13880,14192
13831,14216
13821,14161
13826,14248
13851,13850
14239,13844
14183,13843
14182,13878
7222,28471
13829,14262
13782,14134
22326,13857
14173,13933
14261,13856
14134,3127
59958,27959
42294,4663
13810,14241
13622,567
13867,14134
13858,14194
13880,14236
13864,14208
13831,14173
13894,13829
14262,13877
54839,24374
3382,22839
13938,14234
13853,14199
13840,14165
13854,14249
13866,13810
14241,13899
14249,13857
14134,8246
8759,29238
sending pilot state: 1
13879,14182
13831,14266
13829,14225
13789,14237
13844,14134
13878,22839
27189,64311
25398,13853
14199,13818
14146,13864
13860,14134
10806,2871
29494,20023
13874,13856
14134,13847
14213,13849
14269,13874
14235,13879
14220,13879
13864,14193
13878,11063
55093,63799
13844,14131
13865,14133
64054,10295
22070,13860
13889,14166
13622,13902
14212,13800
14213,13749
14176,13878
13811,14268
13799,14238
13801,14183
13833,14313
13870,14238
13887,14263
13813,13844
14131,13820
sending pilot state: 0
14223,13879
13929,13850
14215,13864
14221,13827
14242,13872
14239,13830
13826,14261
13960,14296
13816,14186
13890,14133
59703,26422
23863,46390
13902,14242
13905,14201
13852,14227
13862,13879
14204,13878
13851,14213
13744,14209
13908,14248
13844,14327
13878,567
46390,2871
27702,13816
14186,13917
13894,14250
13834,14234
13895,13902
13878,20791
13844,14265
13811,14220
13804,13878
5175,41014
13891,14170
13915,14207
13878,13844
14327,13878
13795,14192
sending pilot state: 1
13822,14269
13886,14268
13894,14205
13834,14271
13878,18231
13920,14274
13835,13844
14265,13946
13865,14243
13873,13902
14133,58935
35638,15671
21558,2615
30774,4151
13840,14335
13836,14248
13905,14288
13953,14253
13862,14191
13915,14193
13837,14119
13825,14284
13906,14192
13939,14209
13897,14166
13821,14198
13861,13885
14164,13873
14268,13878
4151,36918
11575,46133
13874,14231
13853,14176
13869,14165
13891,14246
13879,13878
3383,10038
9014,24631
sending pilot state: 0
43317,63543
13903,14173
13868,14187
13909,14240
13852,14255
13893,14134
13860,14218
13821,14191
13843,14134
12855,38709
13878,11575
21814,17463
35893,64055
54838,1847
20534,22326
24631,43318
15927,32310
13887,14140
13824,14256
13821,14134
7223,44854
18487,32310
13898,14171
13878,4919
32310,6711
13843,14209
13622,17462
13894,14133
13834,14223
13921,14212
13943,14184
13935,13878
14135,25654
13800,14114
13886,14246
13844,14134
13878,10807
13864,14271
sending pilot state: 1
13874,14229
13904,14211
13878,4919
13872,14190
13810,14242
13848,14145
13878,24887
33846,55
30005,54327
13930,14136
13781,14216
13881,14181
13906,13844
14134,10294
13875,14230
13884,14202
13867,14262
13862,14234
13878,12343
28214,17207
13855,14140
13820,14134
13878,13824
13862,14236
13845,13930
14134,14647
13821,14206
13874,13906
13858,14173
13956,14134
13109,63543
39221,61239
39222,19511
34357,49975
13878,17207
13878,13855
14134,15671
13878,10551
13866,13862
sending pilot state: 0
14236,13969
14151,13862
14139,13897
14222,13851
13848,14257
13866,14223
13877,63543
39222,2359
13892,14239
13905,14178
13856,14214
13878,18486
18487,37941
13878,4663
13734,14243
13622,37174
37175,13824
14153,13844
14164,13843
14252,13869
13872,14134
10807,36662
13878,2358
2357,62775
4918,18999
13877,13856
13786,14228
13873,14133
13622,22583
13922,14260
13877,56373
56375,42038
8247,13795
14158,13825
13915,14243
13878,12343
24118,16183
13864,14172
sending pilot state: 1
13889,14195
13879,14219
13889,14271
13805,13786
14228,13878
13883,14204
13896,14134
13798,14134
13854,14215
13896,14142
13814,14199
13890,14168
13856,13878
14187,13983
13850,14227
13766,14263
13890,14312
13811,14207
13924,14146
13837,14169
13852,14197
13825,14134
13621,58935
13744,14169
13846,14167
13807,14251
13904,14269
13868,14264
13851,14188
13901,14177
13862,14246
13843,14309
13845,14216
13830,14233
13826,14211
13904,14243
13842,14200
13920,14116
sending pilot state: 0
13794,14133
13903,14199
13876,14313
13874,14256
13852,14208
13927,14223
13894,14234
13894,14229
13872,14134
4919,58678
5175,34614
15927,32054
14135,17717
13879,14245
13894,14161
13912,13621
57911,21814
1591,32310
13790,14286
13882,14160
13896,14243
13774,14134
17975,39478
7735,32310
11831,35382
14390,4662
13886,14134
13884,14133
54071,37174
13111,46134
13878,22583
13622,1591
32310,5687
13906,14191
13811,14234
13878,13896
14243,13903
14219,13902
sending pilot state: 1
13873,14234
13947,14134
14391,11061
64055,28469
53813,62519
13900,14177
13838,14201
13847,14226
13884,14234
13865,14146
13829,14215
13895,14133
62263,39478
20791,24373
54583,21302
6455,18998
20791,13863
14267,13922
14227,13891
14212,13864
14281,13880
14200,13883
14189,13887
14134,822
13622,13878
10551,16950
9783,13889
14151,13878
20791,24374
9271,35894
13893,14183
13811,14219
13826,14237
13902,14231
13877,13864
14281,13846
13891,14134
15159,27958
sending pilot state: 0
13790,14183
13866,14286
13839,14134
9782,5687
13866,14241
13878,9271
13878,7223
47414,45367
13888,14172
13829,14228
13862,14191
13878,13623
32310,14647
13900,14227
13890,14237
13901,14237
13878,10807
52790,21815
39990,13878
5687,34358
13878,15671
50230,13901
14240,13831
13815,13888
13916,14151
13995,14199
13890,14134
28727,36406
13893,14157
13839,14224
13873,13901
13878,311
42038,16183
13848,14209
13885,14236
13921,14186
13820,14198
13878,14259
13851,14214
sending pilot state: 1
13834,14152
13964,13995
13887,14238
13866,14230
13907,14210
13895,14195
13841,14250
13870,14229
13852,14232
13817,13848
13881,14134
13844,14263
13877,64567
30262,24119
27446,8503
13831,14252
13870,14205
13848,14243
13884,14250
13857,14188
13815,14159
13852,13841
14250,13795
14134,2871
13937,14273
13847,14134
13842,13844
13799,14134
24375,41014
5431,13878
8502,33591
34870,31799
42806,10551
34102,4151
31797,61495
13877,63287
20277,60215
41014,30519
sending pilot state: 0
44598,23095
31030,311
43062,2103
40758,24887
13802,14250
13969,14186
13877,14239
13815,14221
13878,31799
42806,19255
49974,21815
13912,14133
61494,5174
18742,10039
35638,1334
30519,44598
13878,311
43062,17207
31030,12343
21557,62519
13868,14134
37175,27190
6967,25910
28983,48950
17207,51254
13970,14134
21815,46134
13855,13844
14217,13826
14227,13893
14249,13934
14241,13940
13846,14134
17206,10807
13622,10295
48182,13111
32822,20791
24886,12343
sending pilot state: 1
30518,4150
13844,14175
13878,37431
13866,14176
13905,14226
13887,14248
13840,14175
13882,14280
13885,14175
13887,13878
5687,25142
13838,14257
13902,14225
13890,14173
13845,14235
13891,14205
13841,14265
13862,14248
13785,14205
13841,14235
13848,13887
14248,13852
14211,13812
14193,13867
14210,13622
13920,14230
13833,14235
13885,14186
13912,14178
13873,14134
5431,39734
11319,13861
14227,13878
13844,14175
13878,4406
13854,14198
13781,14229
sending pilot state: 0
13871,13812
14193,13835
13894,13801
13889,14249
13902,14167
13818,13885
13811,14196
13890,14180
13846,14242
13867,14134
9527,37686
15159,31798
13924,14256
13828,14134
7735,30261
59191,31285
13837,14179
13915,14255
13856,13889
13858,14205
13915,14256
13869,14133
13809,14190
13898,14189
13886,14238
13857,14147
13828,14268
13870,14260
13850,14134
1079,27446
13814,13818
13890,14242
13872,13915
13871,14199
13937,14134
8758,3639
15414,13111
30262,10551
13908,14201
sending pilot state: 1
13849,14224
13874,13878
13904,14247
13892,13870
14260,13918
13907,13920
13824,14324
13898,14246
13869,14237
13894,14286
13926,14240
13848,14166
13834,14259
13878,10551
33846,1079
30006,13849
14224,13866
14252,13831
13854,14180
13833,14225
13832,14251
13880,14230
13837,14218
13892,13869
13885,13894
14286,13890
14134,11319
46134,14647
49462,5687
44342,13828
14197,13913
13854,14222
13863,13831
14145,13872
14226,13622
2359,37174
13891,14203
13847,14215
sending pilot state: 0
13904,14134
13882,14134
13838,13890
13806,14209
13818,14253
13915,14134
5687,44341
13866,14195
13808,14134
13852,14273
13865,14251
13906,13621
54327,34869
13802,13878
17207,31542
19255,46646
21302,14391
13792,14197
13820,14215
13811,14156
13872,14134
13838,14203
13865,13866
13889,14233
13803,14297
13922,14204
13838,14185
13621,60983
45110,14903
26934,5943
33845,62775
21813,50743
43062,3383
13877,13820
13849,14133
13622,13872
14306,13772
14265,13882
sending pilot state: 1
14279,13868
14243,13880
13824,14149
13904,14222
13904,14241
13878,14903
26934,27447
42294,14903
41014,6455
13821,14262
13805,14134
13872,14173
13883,14210
13836,14293
13813,14181
13867,14176
13882,14216
13822,14250
13918,14262
13829,14246
13869,14134
13622,7991
33846,7991
13853,14248
13852,14157
13927,14291
13927,14223
13870,14188
13883,14205
13804,14212
13885,14145
13860,13882
14216,13964
13873,14271
13819,14256
13857,14279
13916,14161
13807,14195
13844,14135
sending pilot state: 0
13816,13852
14157,13871
14134,27191
51510,13870
13878,15159
32054,12853
60470,52535
37942,4407
21814,12599
13880,13878
12599,48950
13838,14134
8503,50998
15159,43318
13911,14260
13865,14254
13807,14299
13824,14240
13813,14134
6967,35382
13899,14134
13780,14134
13827,14227
13848,14167
13852,14134
14391,32822
14390,13838
14166,13874
14149,13810
14134,13111
25910,13865
14254,13912
14175,13761
14134,11831
27445,59191
35893,13899
13621,54327
21814,20278
sending pilot state: 1
13816,14200
13854,14249
13878,14391
27958,26678
16951,37430
13904,14187
13898,14204
13911,14148
13936,14202
13868,14259
13817,14134
13929,13799
13955,14175
13837,14133
60983,48438
13834,14250
13818,13854
13879,14128
13878,13878
26679,35638
13878,20534
20535,27445
54327,47670
11575,38453
60471,21558
25911,40758
8247,43318
13907,14217
13926,14134
3383,55606
13878,2615
43574,21559
31286,33591
44598,13914
14134,17207
34102,13898
14256,13868
14278,13870
sending pilot state: 0
13893,13804
14164,13825
14261,13806
13819,14225
13839,14134
13878,26167
40758,13934
14220,13924
14134,13908
14202,13878
13920,14255
13869,14134
17207,34102
12087,40758
6967,32821
60471,13851
14185,13920
13919,14285
13621,64311
13845,14134
13878,13943
13878,13909
13622,25655
13861,14275
13849,14158
13922,14182
13831,14158
13878,12087
40758,7223
35381,60215
57398,7479
13942,14134
24631,30262
567,31030
13796,14236
13878,13879
31541,65335
48437,61239
sending pilot state: 1
34358,18231
13878,6455
20022,8503
50230,22327
22326,13879
42550,9014
13621,60213
13622,7479
18486,11831
34358,3127
13890,14241
13958,14235
13907,13941
14205,13852
13856,14133
13820,14177
13828,14235
13857,14252
13905,14198
13800,14209
13919,13859
13895,14133
59959,37686
14903,37174
3382,5943
47670,22071
13878,34359
39733,63287
37430,13878
7223,13861
13838,14165
13840,14170
13862,13857
13878,20791
13796,14207
13918,14195
13832,13895
14244,13854
sending pilot state: 0
14134,14391
34102,14391
49974,11319
13861,14213
13814,14133
13883,14143
13860,14226
13878,3639
13862,13840
14133,56631
13928,14211
13777,14161
13920,14273
13863,14138
13804,14259
13878,14391
34102,11831
21557,57654
11319,48950
22071,39734
7479,36918
22327,31798
29495,39221
51511,44086
8757,62519
48438,12855
13877,53557
53559,20790
7991,13862
14266,13854
13897,14205
13890,14215
13877,13793
14240,13876
13949,14229
13964,14163
13800,13911
15926,24119
sending pilot state: 1
48950,23863
38710,19255
49462,17206
23095,45366
567,43062
13890,14207
13932,13897
14205,13829
14242,13891
13856,14244
13873,14178
13855,14212
13843,13800
14233,13943
13835,14275
13878,23863
38709,13899
13871,14291
13873,13826
14248,13837
14134,9783
42806,24631
23093,13878
13884,14131
13835,14210
13838,14227
13916,14204
13948,14167
13998,14302
13883,14196
13828,14271
13877,52023
13854,14192
13899,14193
13878,3383
13903,14179
13875,14304
13899,14227
sending pilot state: 0
13878,15415
13827,14251
13916,14220
13829,14215
13851,13948
13859,14134
44599,56886
13111,13863
14118,13906
14180,13878
7735,28725
13908,14173
13806,14234
13827,14204
13851,14245
13848,14270
13852,14165
13878,23607
35894,16183
53046,6455
28214,11831
44085,45879
24374,33336
13802,13906
13865,14268
13865,14228
13877,14189
13866,14312
13888,14190
13909,14228
13865,14252
13854,14233
13842,13837
14213,13896
14184,13860
14189,13870
14234,13858
14133,56631
sending pilot state: 1
53302,28471
13762,13865
14268,13850
14196,13919
13878,10807
59446,19511
34102,12598
21815,37942
4407,37174
21815,37941
65079,36149
59959,31542
10807,13764
14134,14647
22326,7223
13736,13935
13925,14296
13882,13878
13879,14216
13923,14279
13870,14224
13859,14230
13943,14220
13888,14207
13803,14182
13877,59959
31542,5687
13844,14133
50229,62263
37174,11574
7223,31286
13843,14269
13878,13882
14241,13864
14134,17719
13813,14258
13840,14174
13874,13943
14220,13797
sending pilot state: 0
14134,27191
41014,13878
24886,1846
5687,42294
13111,30774
13847,14176
13883,14134
18743,50229
62263,28982
13880,14244
13851,14199
13939,13813
13877,13840
13841,14158
13930,14189
13796,14195
13867,14202
13834,14234
13804,14135
13852,14218
13877,14134
5942,13883
14281,13877
13878,2871
13845,14237
13883,13851
14199,13842
14161,13900
14228,13816
14289,13907
13860,14207
13622,11063
31286,11062
2615,39478
11830,311
13878,13622
13623,32566
13903,13872
sending pilot state: 1
14134,16183
13878,14167
6966,15159
12544,42754
17664,53763
365,1333
63543,53506
1414,4034
3497,9823
13868,14223
13863,14195
13813,13825
14247,13622
18999,39478
9527,32822
13870,14265
13911,14205
13851,45066
13869,14249
13853,14080
53763,12598
13898,14228
13829,34319
13898,14197
13843,14230
13900,14175
13835,14173
13828,14222
13856,14230
13894,14164
13819,14249
13874,14224
13923,14317
13622,11575
43318,9015
30518,13878
14131,13622
18999,13878
sending pilot state: 0
5943,43318
13858,14307
13809,14228
13845,14212
13865,14179
13887,14190
13931,14322
13899,14133
13878,12854
13622,25399
60726,18229
61751,35894
19511,32310
13877,14208
13912,13885
13777,14260
13899,14220
13884,14210
13873,13845
13844,14175
13845,14188
13840,14134
27447,13834
13900,13865
13908,13803
13907,13895
14174,13907
13860,14258
13866,14187
13878,22583
30006,5175
13878,19255
13850,14199
13937,14188
13622,5175
13823,14228
13878,4151
7222,29495
sending pilot state: 1
13800,14254
13874,14199
13878,21302
21303,31286
26423,30006
14902,13866
14187,13849
13845,14268
13884,14230
13878,6711
30518,8759
41270,7735
31542,5431
26422,5943
37174,13939
14290,13833
13892,13874
14199,13772
14201,13788
13834,14141
13885,13856
14213,13855
14217,13929
14221,13842
14134,18486
1591,13831
14272,13825
14190,13890
13850,14239
13878,2359
27702,17463
13878,17463
13911,14261
13890,14212
13766,14203
13835,14134
13908,13855
14217,13866
sending pilot state: 0
14208,13796
14134,13896
13846,14255
13785,14216
13842,13878
13817,14163
13844,14255
13889,14261
13865,14148
13888,14317
13830,14231
13831,14133
50743,31541
51511,33334
11575,58677
64567,20278
30519,13864
13848,14212
13903,14198
13826,14281
13845,14233
13962,14237
13850,14134
13918,14160
13900,13888
14317,13853
14260,13809
14275,13851
14169,13871
14134,13621
64567,13894
14228,13891
13814,14239
13872,14238
13878,567
51510,3894
5431,39222
22070,23863
sending pilot state: 1
13844,14251
13878,19511
24118,13853
14134,9527
39222,11575
13855,14243
13872,14292
13839,14212
13901,14208
13869,14247
13878,12343
13883,14263
13831,14280
13878,22071
40758,6455
41014,13844
13856,14321
13892,14190
13882,14215
13838,14270
13834,14236
13846,14216
13811,14241
13878,19766
13851,14241
13942,14219
13815,14241
13622,1847
51254,2102
13819,14240
13878,14231
13803,14226
13799,13878
17463,28214
20023,36150
13914,14246
13871,14255
13856,14256
13920,14252
sending pilot state: 0
13911,13851
13904,14134
30262,45367
13867,14288
13916,14289
13881,13819
13833,14247
13845,14301
13865,13799
13779,14134
13958,14262
13853,13878
13834,13871
13622,8247
45110,8247
