Starting up...
Bluetooth Sample Recieve ('hcitool dev' in terminal returns the bluetooth address of this device)
Registering data store callback...
Registering WebSocket callback...
Starting DB thread...Reading from datasource. 
Server listening on 8080
13843,22427
22386,13853
13824,0
54,6455
44854,14647
13887,14251
13951,14216
13777,14265
13789,14204
13868,14239
13895,14184
13914,14080
0,54
10807,44086
1335,46134
13911,39767
13869,14230
13933,14154
13905,14229
13961,13881
14134,14903
20022,823
20022,53
53559,47413
65077,52535
32822,13110
13784,14197
13826,13866
14134,25910
13851,14261
13846,14171
13878,11575
13891,13933
13896,13905
13622,35127
25141,13882
13743,14198
sending pilot state: 0
13853,14268
13888,14315
13809,13773
14208,13959
13831,14276
13876,14281
13896,13925
14244,13820
14272,13907
14244,13811
14171,13926
14134,6455
13802,14189
13912,14220
13819,14133
44855,30262
13622,16439
13833,14215
13878,34615
18486,9015
36918,2615
13816,13896
14214,13845
14134,11831
13877,62263
13882,13926
14161,13827
13924,14242
13849,14232
13880,14209
13868,14134
13854,13621
60470,39991
45622,23863
13843,14134
9015,36918
13879,45366
11062,31799
sending pilot state: 1
39734,54
11831,38454
20535,37942
13933,13878
13884,13878
25655,41526
23095,22070
33335,46134
6199,46134
27447,43573
64055,39222
13878,14282
13864,13878
13878,13867
13848,14195
13788,14134
55,47926
13878,15671
46390,13367
13848,14244
13842,14264
13873,14301
13835,14134
6199,46133
58679,38966
21815,36406
13921,14324
13885,14134
13804,14302
13775,14315
13909,14162
13850,14134
13878,2871
35638,13876
14289,13918
13894,14238
13878,12599
13898,14171
sending pilot state: 0
13887,14133
13861,14218
13903,14260
13869,14303
13944,13885
14176,13877
60471,13926
13845,14315
13878,6711
53046,10807
64053,13827
14231,13859
13856,14205
13954,14259
13862,14181
13914,14230
13879,14216
13832,14280
13851,14260
13936,14195
13898,13859
14203,13921
13928,14250
13875,14206
13821,14301
13956,14254
13959,14201
13878,8246
8247,32054
5431,37174
17463,38197
61751,45110
13878,2103
51254,11575
41014,13936
14195,13878
13947,14240
13834,14228
sending pilot state: 1
13868,14217
13880,14133
64822,13956
14254,13913
14219,13907
14134,13367
46134,8502
13925,14274
13872,14272
13804,14166
13857,14290
13885,14229
13905,14212
13878,31543
41014,14391
37686,16951
13878,13878
13877,14243
13915,14256
13891,14166
13910,14288
13878,13857
14216,13622
25911,49718
13895,14133
13923,14172
13906,14306
13900,14230
13898,14250
13876,13878
14391,37686
13848,14207
13879,14250
13864,14252
13938,14269
13852,14218
13900,14273
13849,14201
sending pilot state: 0
13818,14249
13878,18231
32566,22583
13898,14245
13957,14276
13828,14134
18999,43574
13873,14273
13818,13848
14207,13867
14134,18999
13825,13938
14269,13847
13876,14233
13905,13849
13805,14229
13899,14166
13864,14180
13887,14267
13832,14195
13917,14134
1079,36150
4407,47158
11319,27702
13622,11063
13878,18998
13808,14308
13864,14206
13887,14134
13367,39222
13827,14187
13849,14223
13850,14237
13840,14278
13869,14134
13910,14239
13830,14290
13940,14260
sending pilot state: 1
13878,7479
34357,13793
13911,14217
13943,14285
13849,14134
10294,39478
16183,37942
21303,37686
29750,11319
54838,18231
27445,62519
38710,10807
35126,26423
31286,13830
14290,13878
13862,14229
13844,13799
13876,14246
13895,14217
13878,6455
13823,13978
14288,13878
21303,13860
14134,13868
14294,13801
14304,13851
14277,13904
13893,14251
13865,14226
13898,14221
13878,9783
38198,6199
40502,26167
25398,13878
18231,35126
1847,39733
13941,14281
13845,14265
13812,14239
sending pilot state: 0
13865,14133
13938,14264
13779,14333
13819,14134
17719,43830
13858,14228
13819,14280
13856,14245
13858,14253
13895,14241
13868,14255
13922,14133
54071,28982
14904,5685
64823,22838
13804,14221
13814,14311
13812,14133
54071,64822
35895,13948
13827,14247
13879,14133
64311,51254
11574,18487
13935,14205
13818,14134
11318,823
32822,13882
13910,14165
13964,14330
13922,14133
60470,1845
63031,59190
17719,31798
567,13871
14179,13868
14242,13779
14175,13855
sending pilot state: 1
13896,14266
13878,28471
32053,57143
13878,823
32822,23607
27702,16439
13939,14226
13622,25143
13827,14226
13815,14293
13622,567
13878,12087
25398,17208
13843,14192
13903,14281
13622,18486
13859,13848
13894,14247
13881,14239
13797,14233
13864,13888
13913,14238
13864,13621
13770,14265
13899,14219
13811,13809
13793,14271
13841,13891
13877,14134
13906,14219
13897,13819
13759,14134
9015,45366
18742,7479
39478,8247
50229,63543
13866,14142
13823,14134
sending pilot state: 0
13932,14174
13797,14285
13872,14133
13828,14262
13811,14213
13903,13877
14174,13855
14213,13932
14270,13881
13878,18743
38454,22327
52022,16183
46390,13879
13852,14239
13863,14251
13622,27702
13828,14223
13878,12342
13799,14134
1079,46646
10551,46390
13622,7991
13864,13932
13894,13881
13900,14274
13806,14258
13863,14316
13899,14243
13878,7223
40758,7222
13908,14202
13932,14245
13963,14206
13877,59191
30774,13865
14261,13878
16183,32821
65079,41526
sending pilot state: 1
13857,14219
13899,14261
13898,14133
13846,14135
13878,19255
13912,14238
13887,14251
13878,21559
31286,13932
13852,14210
13823,14151
13831,14210
13907,14250
13847,14222
13966,14134
13938,14245
13878,19255
46390,9783
32053,13846
13841,14244
13877,14323
13878,16183
43830,11831
39222,15670
823,35126
13906,14237
13914,14134
1847,33334
6967,24374
16695,30774
15415,28726
31287,13963
14267,13878
9783,32054
823,49462
13940,14223
13829,14134
6966,15671
sending pilot state: 0
13875,14134
13898,13875
13852,14134
21047,40246
23351,43318
10039,13898
14133,56887
13802,13946
13858,14305
13832,14278
13878,823
49462,12855
13872,13940
13841,14204
13891,14281
13899,14307
13908,14225
13622,7223
13873,13915
14134,823
58166,1335
13788,14220
13882,14133
59958,30519
13622,2103
50742,7991
13878,13874
14305,13910
13878,4406
4407,31798
7479,46646
13867,14197
13621,61751
13867,13873
13622,823
58166,13829
14134,309
56375,35894
sending pilot state: 1
13907,14321
13869,14200
13877,14134
7991,32054
311,58422
15671,29494
23351,47414
23862,13904
13817,13867
13864,14197
13884,14319
13621,57911
13878,12087
30006,7735
13875,14227
13887,14183
13937,14134
13837,14235
13850,14240
13938,14245
13899,13915
13908,14210
13878,3383
37942,13817
13859,14177
13815,14239
13897,14279
13863,13881
14134,7479
13870,14226
13873,14247
13889,14350
13903,14275
13832,14252
13931,14220
13868,14252
13854,14243
13869,14279
sending pilot state: 0
13846,14188
13880,13859
13859,14270
13852,14194
13878,10039
13898,14254
13860,14291
13862,14280
13819,14238
13962,13903
13890,14134
13822,14189
13875,14143
13850,14134
13776,13869
13809,14242
13869,14255
13889,14182
13861,14251
13878,13879
43830,6967
13934,13860
13921,14255
13891,14227
13800,14286
13941,14184
13934,14188
13909,13875
14143,13825
14250,13799
14222,13877
13942,14302
13907,13889
14134,14903
33334,13861
13622,6966
13827,14239
13883,14258
sending pilot state: 1
13846,14254
13782,13800
14286,13841
14189,13815
14174,13876
14247,13937
14234,13812
14196,13874
14202,13889
14237,13815
14311,13894
13845,14303
13929,13769
14182,13878
13933,13883
13856,14204
13877,54839
48950,10551
25141,64311
13793,14292
13828,14243
13851,14133
62519,29750
13834,14285
13848,14242
13840,14268
13917,14160
13917,14200
13942,14235
13867,14134
27959,50230
13836,14249
13749,14234
13856,14229
13930,14226
13874,14208
13959,14134
6967,45366
sending pilot state: 0
13879,32566
13878,6199
41525,62006
13845,14290
13889,13917
14200,13878
30263,39734
311,13860
13871,14134
3127,43318
21303,33078
18999,52277
63799,12086
13824,14264
13878,14134
13836,14232
13877,13897
13841,14267
13862,14248
13833,14208
13880,14228
13943,14230
13877,14331
13930,14179
13801,14203
13914,14227
13877,63797
63799,12086
16695,39734
33591,37942
13792,14220
13903,14301
13886,14192
13849,13862
14248,13873
13878,14391
13911,14307
13951,14236
13808,14261
sending pilot state: 1
13823,14245
13811,14296
13879,14142
13904,14279
13909,13955
14228,13951
14204,13842
13819,14298
13996,13886
13795,14279
13866,13878
13908,13927
13881,14134
22327,58166
11575,43062
13793,14268
13840,14133
13820,14251
13848,13904
14279,13878
13834,14303
13825,14245
13844,14202
13866,14253
13894,14218
13915,14181
13821,13908
13908,14201
13847,14243
13906,14134
13851,14278
13849,14246
13924,13820
14251,13906
14268,13878
11831,39478
15927,13893
13622,13844
sending pilot state: 0
13873,13866
13897,14157
13872,14197
13864,13821
14237,13878
13879,13847
13929,14247
13830,13851
14278,13878
6455,42550
18999,13939
14186,13622
13899,13886
13914,14153
13882,14279
13879,13873
13918,14258
13842,14134
13888,14285
13878,13889
13858,13879
14134,31543
40501,62007
13844,14260
13896,14254
13863,14219
13908,14311
13873,14244
13929,14134
23095,18742
23351,37686
13853,14295
13823,14133
13844,14235
13878,16951
13799,13878
8759,13818
13877,62007
sending pilot state: 1
47670,4407
13878,14259
13622,10039
35638,11062
21559,59190
13787,14278
13853,13915
14227,13908
13905,14179
13812,14241
13807,13844
14235,13860
14343,13794
13903,14133
64055,47926
13804,14221
13905,14134
13894,14188
13905,14212
13896,14277
13932,14253
13859,14224
13878,21559
13895,14266
13860,13812
14241,13877
13901,14261
13877,57911
13905,14327
13973,14134
13865,14133
13878,13878
13841,14190
13839,14293
13863,14280
13924,14276
13840,14233
13853,13849
sending pilot state: 0
14228,13913
13907,14258
13874,14219
13810,14243
13885,14325
13791,14234
13870,13973
14134,3382
10551,45878
13878,4406
4407,28214
13858,13863
14280,13930
14283,13896
14134,9783
39222,13111
38453,62263
13894,14134
13932,14229
13884,13885
14325,13877
57143,39478
13800,14273
13923,14274
13856,14228
13810,14253
13901,14134
13866,14226
13878,18487
37430,18999
13879,14227
13877,62263
29749,64311
13830,14262
13622,15415
35893,61496
1078,13623
sending pilot state: 1
34101,52023
41270,7223
34358,4150
13868,14212
13884,14134
19767,25142
6455,50486
13840,14197
13907,14235
13850,14243
13875,13819
14265,13923
13898,14249
13916,14307
13810,14252
13894,14169
13843,13852
13809,14278
13878,11319
33846,7223
39222,5175
13835,14225
13856,14134
13825,13907
14235,13914
14171,13849
14188,13893
13850,14245
13887,14228
13865,14185
13889,14218
13870,14179
13864,14222
13855,14199
13864,14271
13793,14248
13785,14176
13783,14215
sending pilot state: 0
13872,14134
13622,23095
23350,3383
35638,22327
40757,60982
13833,14194
13929,14237
13878,16695
13893,13870
14179,13892
13869,14270
13910,14220
13896,14278
13877,55607
13857,14269
13896,14221
13897,14228
13805,13837
14219,13878
13921,14170
13890,14197
13911,14284
13862,14272
13818,13893
13891,14326
13872,14186
13890,13910
14220,13850
13884,13926
14218,13908
14309,13832
13844,14196
13839,14263
13836,14241
13622,24887
23093,61495
39222,36406
13884,14192
sending pilot state: 1
13935,14120
13879,14307
13879,14221
13878,16951
13908,14267
13898,13884
13879,14308
13771,14134
2103,35894
13942,14186
13878,3127
13864,13794
13877,61495
13827,14192
13756,14134
15415,13829
14134,311
32566,13879
14221,13889
13907,13908
13913,14134
18999,42550
13937,14202
13808,14191
13878,30263
13809,13883
13870,14287
13967,14244
13975,14234
13877,48183
13878,1335
13845,14190
13943,14134
13874,14252
13953,13907
13884,14224
13899,14288
13819,13937
sending pilot state: 0
14134,16183
26678,5431
13892,14230
13895,14134
11831,13937
14350,13854
14274,13888
13878,30007
38710,15159
13852,13943
13878,12854
12855,44085
13880,14242
13890,14224
13960,14314
13817,14134
13878,5431
22326,22583
27445,63542
18231,13874
14134,13854
13874,14134
13877,14134
13862,14194
13969,14233
13850,14237
13865,14156
13812,14217
13893,14306
13878,34871
13862,14260
13894,14190
13939,14300
13932,14270
13997,14263
13900,13856
14238,13878
12855,45109
sending pilot state: 1
55863,43062
12855,46134
13886,14258
13828,14259
13835,13812
13842,14255
13851,14267
13878,9783
13885,14278
13873,14263
13622,27703
48694,39991
13959,14309
13831,14218
13815,14235
13918,14134
12855,46134
13894,14310
13878,1079
45878,13835
14165,13839
13859,14187
13854,14138
13888,14253
13818,14154
13898,14222
13821,14258
13878,34615
58678,4151
43062,5687
13817,14208
13946,13846
14251,13872
13963,14239
13855,14266
13873,14318
13865,14269
13857,14212
13854,14252
sending pilot state: 0
13882,14216
13840,14134
13855,14258
13946,14305
13622,4151
13861,14134
13810,14188
13878,31287
46390,22071
13933,14134
13771,14255
13915,14231
13878,10551
13902,14134
8503,33846
13924,14229
13878,4151
13891,14372
13930,14250
13764,14133
13794,14235
13881,14096
13920,14134
13920,14232
13878,27959
57142,13771
13862,14256
13878,13869
14249,13926
13811,13834
14192,13878
25654,13914
14219,13840
13898,14261
13895,13764
14271,13942
13911,14314
13898,13920
sending pilot state: 1
14171,13893
14225,13889
14234,13952
14212,13790
13622,2359
45366,24887
41270,3896
13932,13839
14250,13907
14212,13904
13903,14187
13830,14183
13622,13942
13905,14211
13896,14226
13908,13878
13876,14200
13852,14236
13885,14163
13881,14207
13943,14134
24886,15670
3896,13823
13935,14297
13897,14277
13858,14134
20278,17463
13801,14300
13878,20791
13806,14210
13878,21559
13900,14241
13856,13878
7223,39990
8247,39478
14646,9527
13873,14245
13848,14240
sending pilot state: 0
13851,14310
13871,14245
13861,14235
13858,14192
13828,14233
13902,13894
14219,13898
13852,13878
13867,14202
13894,14237
13827,14265
13845,13878
14647,38966
3383,57910
13622,6198
6199,41014
26679,47670
24887,13856
14181,13886
13844,13828
13796,14268
13916,14275
13855,14247
13911,14134
11063,31286
13864,14207
13889,14261
13830,14217
13862,14315
13897,14192
13907,14270
13928,13921
14164,13878
13913,14170
13622,5175
13905,13796
13878,23607
49974,3384
sending pilot state: 1
4406,28471
45622,22839
34613,13864
13850,14198
13860,14255
13842,14273
13837,13897
14192,13935
14206,13840
13937,13843
13830,14185
13852,14178
13821,14250
13859,14253
13894,14256
13925,14170
13854,14285
13837,14277
13885,13850
14198,13878
9271,44854
4663,34870
13893,13935
14206,13878
4151,26166
12087,49718
19255,46902
13875,14240
13835,13859
13878,17975
45110,25143
54838,5687
54838,9783
43062,18999
57142,2359
51510,13842
14216,13789
13878,17719
sending pilot state: 0
41526,22583
13880,14263
13773,14281
13893,14231
13860,14189
13811,14229
13883,14254
13894,13922
14294,13859
13921,13862
13898,14134
18999,57141
13878,14390
13862,14276
13876,13825
13923,14175
13914,14134
14390,4407
13948,14203
13824,13878
13887,14133
13853,14307
13878,17975
43830,6454
9014,27959
49718,13898
13882,13810
14189,13856
14236,13846
13878,13876
14263,13930
14232,13879
14242,13841
14230,13809
14223,13886
14218,13868
14257,13895
14277,13802
sending pilot state: 1
14183,13925
14279,13937
14271,13904
14236,13865
14260,13842
13826,14217
13788,14081
13845,13930
14232,13829
14263,13905
14191,13773
14226,13899
14178,13886
14245,13938
14265,13930
13834,14299
13878,28983
13860,14218
13822,13865
14260,13862
14134,30263
13877,56375
13865,14134
13892,14192
13851,14226
13868,14252
13915,14312
13921,14134
15927,42294
13848,14311
13849,14259
13918,14250
13884,14214
13877,65077
13874,14134
9783,13909
14134,21559
13871,14246
13926,14310
sending pilot state: 0
13903,14151
13876,14134
11318,13915
14312,13813
13884,14222
13901,14268
13622,13849
13926,13918
14134,22583
41526,3639
13829,14213
13861,14134
21815,43573
64823,39990
14135,30262
13855,14211
13830,13876
13878,13920
14134,14903
49718,14646
15414,22839
41014,11831
13878,26167
52278,23351
57398,6199
42038,6455
13888,14267
13864,14210
13909,14214
13944,14211
13955,13855
14211,13792
14263,13859
14179,13910
14186,13622
13917,14232
13836,14212
13848,14134
sending pilot state: 1
13622,23351
57398,26679
13925,13849
14283,13875
14290,13824
14240,13787
13817,14261
13878,33591
13913,14213
13927,14166
13878,22071
27190,13621
57399,21558
7223,58934
13850,13848
14257,13900
14134,13928
13829,13925
14252,13891
14176,13870
14241,13877
13906,13817
14261,13735
13932,14134
22839,34102
13798,14192
13872,14270
13945,14134
7223,58934
29751,39989
60215,13883
14134,13878
1845,61495
13879,14178
13861,14220
13884,14265
13896,13906
13897,14230
sending pilot state: 0
13829,14134
27703,38454
13869,13798
14192,13931
14286,13878
13808,14263
13843,14317
13898,14227
13882,14261
13867,14208
13929,14180
13871,14185
13827,14280
13878,18486
18487,13859
14215,13878
1335,35382
21815,43574
13926,14165
13833,14290
13885,14289
13878,4919
60725,55863
20790,26935
51254,23607
52022,18999
13826,14156
13878,823
13842,13884
13813,14246
13873,14218
13907,14200
13827,14238
13949,14241
13944,14300
13846,14286
13910,14256
13886,14204
sending pilot state: 1
13853,14170
13885,14247
13802,14134
18999,39478
17975,24374
10807,52278
23094,8247
64566,15415
13856,14198
13874,14262
13827,14208
13872,14134
30774,15159
36150,12600
2358,25143
27445,58423
13843,13885
13817,14172
13878,13894
14175,13829
14222,13838
13873,14276
13878,15415
37942,32823
54326,2871
52278,16439
28982,12087
39990,22838
15159,36150
20535,36918
13873,13621
58422,13843
13901,14211
13878,17463
32054,13878
13815,13878
13897,13873
14276,13875
sending pilot state: 0
14241,13844
14219,13913
13803,14272
13823,14134
13878,22839
52278,27191
13864,14291
13859,14265
13881,14134
13849,14302
13994,14220
13812,14214
13917,14255
13848,14248
13878,13875
14134,2103
13878,22839
13883,13803
14272,13902
13865,14205
13857,14184
13855,14134
10295,54070
7479,47158
11831,47414
823,56373
52279,44854
11831,41014
10038,12087
41014,18743
35382,21047
13934,14286
13878,15158
13903,14258
13833,14235
13891,14237
13848,14217
sending pilot state: 1
13871,14195
13864,14268
13864,14255
13921,14226
13815,14274
13622,10039
13856,13871
13901,14191
13875,14212
13876,14233
13929,14264
13862,14277
13884,14134
2359,39734
13864,14134
13897,14248
13929,14301
13878,10294
10295,44854
13774,14210
13835,13820
14281,13854
13884,14244
13897,14241
13885,14134
13367,39222
7735,43062
13781,14269
13878,20278
13853,14173
13796,14233
13850,14290
13904,13878
1335,36406
19766,12599
45366,21815
13866,13854
13783,13884
13897,14245
sending pilot state: 0
13795,14211
13843,14279
13919,14208
13877,54583
13878,20535
34870,5943
43062,23863
41014,4663
13805,14283
13845,14246
13841,14134
13829,14186
13878,13866
13798,13783
14269,13868
14153,13804
14133,45623
13874,14134
24375,32822
21559,21302
26422,16695
40246,13917
14134,22327
49206,25143
27702,17207
13878,4407
13878,1335
27190,23862
13935,14298
13906,14134
13887,14401
13911,14267
13794,14182
13887,14212
13873,14134
26423,50998
25399,43573
63286,2615
sending pilot state: 1
36917,13922
13862,14194
13846,14224
13841,14260
13900,13878
23863,13834
14263,13907
14214,13943
14194,13897
13860,13794
13809,13878
16183,33846
13895,14252
13858,14297
13820,13834
14224,13921
13892,14244
13874,13846
13975,14235
13856,14219
13865,14274
13923,14241
13859,13943
14194,13903
14250,13871
14240,13877
13878,14135
46133,13878
13878,13858
14297,13863
14134,13921
13819,14182
13945,14134
13878,38711
13936,14286
13879,14237
13905,14240
13836,14134
sending pilot state: 0
13932,14290
13754,14219
13891,14196
13935,14165
13851,14277
13823,14268
13801,14181
13898,13900
14279,13913
14247,13878
31031,39990
27446,7991
33078,3895
13870,14213
13622,13836
14273,13854
14223,13875
14215,13880
14234,13834
14199,13820
13855,14252
13917,13801
13882,14257
13622,22839
13875,14227
13837,14206
13878,7991
33078,5687
13861,14260
13963,14258
13881,14206
13902,14134
13111,13864
14222,13834
13852,14237
13885,14222
13874,14287
13905,13882
sending pilot state: 1
14257,13869
13878,13111
37686,26679
25654,21047
40502,16951
13909,14226
13909,14134
35639,45622
36918,25399
44342,13367
42550,3127
38710,20279
51766,13885
14134,13874
14287,13878
13875,14257
13804,14254
13855,14184
13811,14309
13881,14181
13910,13909
13878,21815
52790,9782
13798,14134
13792,14185
13825,14238
13870,14264
13771,14264
13918,14222
13811,14274
13816,14219
13939,14278
13893,14319
13890,14312
13879,14134
14647,25910
13851,14134
13899,14134
sending pilot state: 0
9783,58422
13838,14225
13965,14232
13969,14281
13893,14230
13880,14134
13832,14181
13900,14169
13903,14257
13967,14265
13916,14273
13882,13879
14245,13878
5430,6967
48182,7479
13889,14269
13878,3639
37173,59191
46902,17718
37175,51510
2871,35894
16439,13857
14205,13854
13932,14183
13854,13967
14265,13842
13878,14903
13894,14239
13879,13851
14268,13853
14301,13870
14133,54583
39478,13799
14263,13888
14276,13852
14198,13909
14274,13825
14218,13927
13887,14247
sending pilot state: 1
13816,14279
13821,14285
13916,14134
9783,55350
27191,46390
7735,40502
17207,47158
16951,38198
13871,14172
13824,14226
13876,13852
13819,14245
13622,311
35382,3895
13901,14230
13910,14212
13877,64823
52534,4151
13877,14343
13878,7735
40502,25911
30774,13890
14134,10807
13841,14221
13927,13878
55,37430
13904,14133
64311,13853
14134,6966
13865,14236
13849,14268
13878,11831
55094,3383
13810,14257
13858,14169
13932,14311
13848,14265
13885,14249
sending pilot state: 0
13826,14134
4407,36150
13841,14223
13904,14223
13885,14273
13892,14272
13896,14201
13825,14252
13963,14219
13926,14239
13892,13621
13884,14134
8759,22838
13889,14134
6199,47414
22071,13878
567,42294
19255,33334
27447,61749
13856,14184
13880,14252
13876,14235
13894,14341
13867,13963
14219,13794
13886,14200
13752,14239
13874,14218
13905,14342
13892,14253
13939,14256
13890,14306
13878,27447
13876,14264
13952,13856
13814,14259
13755,14188
sending pilot state: 1
13878,17974
13847,14241
13884,14133
57910,13886
13873,14348
13889,14134
12855,35382
13846,14277
13920,14283
13878,16951
13907,14235
13876,14242
13904,14191
13864,14293
13805,14133
47927,27702
13898,14302
13820,14322
13878,12087
27190,13878
12600,3126
1333,59703
22326,10039
13922,14134
24631,52022
13814,14134
13875,14252
13855,14215
13877,14251
13841,14300
13878,13950
13868,14284
13929,14308
13821,14304
13972,14134
54,35383
45622,17463
33590,12598
sending pilot state: 0
10039,39478
3383,42038
4407,44086
7735,41014
13845,14314
13935,14159
13970,14134
13866,14134
16951,13878
11319,52278
13892,14195
13781,14255
13850,14165
13904,14221
13920,14304
13858,14205
13622,4407
44085,64311
27446,3894
13111,32054
6967,51510
25143,54582
13802,13878
13862,14226
13730,13866
13866,14276
13874,13781
14134,11575
13939,14199
13791,14237
13826,14375
13910,14242
13899,14133
13863,14204
13901,14223
13819,14285
13860,14219
13866,13802
14291,13909
sending pilot state: 1
13818,14246
13878,10807
13870,14309
13882,14240
13880,13939
14199,13893
13889,14268
13820,14288
13872,14309
13878,10039
13882,13901
14223,13930
13865,14290
13853,13866
14162,13911
14134,13818
13838,14180
13904,14240
13878,13882
14240,13878
13878,13893
14289,13833
13868,14186
13895,14271
13846,14134
13908,14319
13881,13930
14305,13842
14201,13924
14134,11319
13967,14188
13796,13838
13881,14233
13878,13878
14193,13882
14204,13840
14172,13889
14267,13869
13928,14316
sending pilot state: 0
13846,14185
13878,21559
13917,14134
13878,4663
31030,6967
13880,13868
14243,13899
13836,14267
13846,13881
14233,13878
7735,37686
13859,14233
13886,14250
13892,13878
11575,43574
13851,14230
13869,14134
3127,13890
14267,13837
13878,6967
45622,21046
14391,13864
14208,13854
14297,13878
13895,13878
13901,14185
13835,14197
13849,14260
13845,14248
13840,14130
13870,14187
13942,14284
13833,14255
13974,14248
13878,11831
46901,57143
13932,13864
13878,7735
sending pilot state: 1
55606,6455
13878,18231
60213,52279
13889,13835
14197,13925
13859,14257
13844,14210
13895,13870
14187,13906
14196,13905
13854,14332
13622,13863
14202,13893
13883,14301
13622,13878
13852,14210
13889,14257
13875,13772
14232,13876
14278,13622
25910,32055
37430,7735
42550,9783
13772,14134
21047,29750
13879,14270
13784,14312
13813,14213
13893,14134
15159,13847
13868,14291
13878,16695
13835,14219
13931,14214
13912,13779
14133,50231
36662,14136
2102,19767
sending pilot state: 0
53558,14903
13860,14134
13929,14277
13906,13784
13828,13813
13867,14239
13901,14200
13860,14134
11318,11319
51254,10551
13806,14260
13853,13878
13914,14230
13839,14222
13893,14236
13929,14306
13863,14293
13906,14222
13897,13906
13801,14134
13913,14217
13878,19766
13816,14257
13878,13868
13880,14264
13880,14186
13930,14241
13840,14271
13878,3895
36406,12855
13905,14254
13881,14251
13813,14134
21047,36406
5175,47158
13892,13913
13888,14260
13877,63541
sending pilot state: 1
13833,14134
5687,53302
13622,14390
14390,22071
13796,14229
13834,14280
13887,13874
14134,15926
13826,14154
13878,14151
13864,14251
13622,6711
49206,13878
13954,14226
13910,14224
13843,14202
13894,14227
13860,14245
13841,13910
13881,14274
13622,2615
51254,15927
13836,14270
13826,14279
13894,14246
13854,14223
13903,14200
13931,14235
13877,14252
13923,13910
13789,14134
4919,31286
13878,9271
42294,36407
50997,13881
14274,13799
14234,13884
13863,14270
sending pilot state: 0
13896,13826
14279,13924
14301,13882
13904,14268
13878,27447
13878,14252
13907,14228
13806,13789
14222,13855
13939,14272
13806,14165
13910,14276
13868,14253
13884,14134
13948,14298
13847,14204
13971,14276
13894,13882
13912,14238
13855,14133
13622,13879
44086,11063
13864,14133
60983,43318
7223,13903
14254,13877
60983,21814
13828,14269
13878,15415
55350,16951
50230,8247
36406,5175
60470,10551
13870,14134
13917,14134
7991,13622
5431,63286
13935,14253
sending pilot state: 1
13855,14134
13878,14182
13871,13891
13849,13893
13835,14232
13872,14229
13984,14270
13820,14209
13819,14134
13853,13878
13901,14269
13865,14201
13800,14217
13815,13838
14174,13921
13801,14134
7991,13774
14228,13880
13845,14212
13891,14229
13865,14281
13932,14223
13896,14133
13811,13819
13878,7479
15926,6967
53558,13865
13878,14287
13809,14220
13859,14269
13920,14219
13854,13774
13895,14138
13940,14187
13878,17207
38197,61239
13809,14242
13878,18487
sending pilot state: 0
46390,14389
62263,51510
28215,55094
13848,14190
13878,14277
13854,14133
61751,35894
11831,47414
13918,14303
13912,14134
18231,14902
13938,13914
14278,13884
14288,13918
14172,13864
13878,14391
24630,3383
13878,10295
41014,13848
14190,13847
14251,13874
14262,13826
14228,13857
13889,14134
13855,14212
13746,14134
8502,13938
14134,23863
36406,14903
43830,15159
47158,39223
13839,14134
3383,50998
13802,14270
13872,14221
13622,12854
12854,13826
14228,13855
14236,13850
sending pilot state: 1
14316,13875
14215,13900
14271,13841
13932,14134
23863,36406
6199,39990
13895,14295
13870,14253
13864,14134
21815,13877
13811,14262
13877,62263
13856,14250
13850,14285
13838,14215
13825,14185
13889,14270
13822,14230
13881,14134
27701,59703
41782,24631
13914,14283
13927,14221
13885,14246
13817,14315
13877,13811
13844,14270
13971,14233
13888,14187
13866,14200
13883,14196
13980,13889
13911,14215
13934,14134
14647,42550
22327,38965
65334,4663
13843,14279
sending pilot state: 0
13892,14205
13894,14216
13826,13847
13943,14224
13864,13971
13927,14134
16439,27446
13929,14207
13928,14255
13878,22326
22326,5686
28215,58422
19255,38454
6199,13860
14338,13878
13975,14270
13951,14284
13888,13826
13622,13943
14224,13878
10295,58166
13872,13878
24375,33334
10039,35382
13881,14280
13885,14278
13882,14237
13878,6199
46390,15159
13905,14155
13835,14227
13866,14235
13898,13878
13874,14239
13866,13894
14134,6711
13841,14270
13891,14224
sending pilot state: 1
13854,14267
13866,14242
13896,14155
13878,14292
13922,13934
13869,13878
15159,13878
20791,19254
11063,37430
43062,12855
35894,3895
32566,12343
38965,63543
33334,5431
13916,13891
14224,13881
13824,14224
13797,14130
13865,14225
13806,14212
13839,14223
13924,13850
13901,13867
14226,13819
14201,13878
13944,14307
13907,14246
13850,14290
13833,14323
13878,13916
14202,13902
14277,13861
13834,14275
13878,10551
13839,14220
13878,3895
13917,14266
13842,14253
sending pilot state: 0
13843,14133
13833,14210
13805,14286
13811,14228
13876,14232
13878,2359
13972,14304
13848,14263
13886,13861
14246,13878
2615,49974
13883,14162
13878,21558
13828,14321
13886,13842
13843,13843
13839,14294
13948,14281
13877,14148
13810,14217
13854,14237
13966,14164
13866,14230
13870,14251
13888,13833
14244,13894
14227,13879
14134,35639
13914,14283
13910,14167
13878,4918
13843,14211
13881,14256
13931,14169
13909,14226
13891,14174
13909,13966
13878,10806
sending pilot state: 1
13803,14230
13878,16439
30774,9271
13848,14226
13858,14234
13822,13914
14283,13915
13872,14252
13878,4919
33590,27959
50742,13931
13838,14264
13860,14269
13870,14265
13887,14231
13873,14133
60215,38454
13907,14223
13921,14220
13622,8759
39478,16695
13837,14232
13622,13872
14252,13810
14333,13622
27959,50742
16695,27190
13922,14181
13846,14208
13939,14310
13836,14286
13883,14236
13810,14290
13878,14140
13873,14133
13852,14249
13904,14205
13869,14273
sending pilot state: 0
13869,13810
14333,13851
13819,14184
13878,12343
41526,9271
38454,17719
13879,13939
14310,13878
3126,26679
37686,9527
60469,13878
14140,13878
12599,36661
13883,14239
13808,13878
11575,49462
18999,25142
13947,14238
13910,14218
13851,14134
13855,14240
13878,14135
62006,17974
14391,50742
11575,35894
1591,51509
60983,38198
19255,64566
13888,13883
13877,14303
13835,14269
13939,14253
13851,14183
13878,22071
35382,4407
13850,14248
13829,13907
14225,13902
sending pilot state: 1
14226,13892
14134,13623
51766,16695
47925,55351
64310,4919
32566,14647
42294,13877
14303,13878
2871,48437
60983,40758
38711,28726
11575,28726
4151,42038
26423,43318
13878,20023
13797,14312
13933,14283
13893,13889
14267,13883
13878,4919
14005,14336
13890,14236
13909,13872
13873,14214
13911,14211
13878,11575
28726,17719
53557,63799
44342,20791
30774,5431
13865,14238
13877,14216
13822,14266
13818,14261
13622,823
13867,14212
13926,14212
13963,14218
13901,14204
sending pilot state: 0
13882,13911
14133,48951
33078,23095
45366,19255
40246,54
20791,30774
13878,10551
13980,14200
13913,14274
13779,14285
13872,14250
13922,14239
13891,14134
13904,14288
13773,14260
13843,14238
13877,48951
13878,23095
45366,11831
38710,17207
38454,11831
35638,13935
13878,39991
13897,13913
14274,13856
13879,14260
13843,14261
13813,14134
17207,21046
13876,13773
13848,14179
13874,14257
13859,14211
13963,13870
13950,13891
13622,11831
35638,32823
sending pilot state: 1
9540,14259
11832,14227
13874,13856
13856,14177
13934,14200
13868,14205
13826,14226
13835,13876
14170,13893
14318,13830
14234,13856
14255,13860
13848,14225
13884,14126
13860,13952
13890,14279
13870,14391
37686,21558
12855,29238
2359,44341
64566,11831
46646,16695
41782,11831
37942,1335
13937,14158
13900,13856
13859,13860
13873,14175
13878,13884
13872,14134
9271,30261
13878,19255
42806,13367
13878,2359
44342,311
31798,6455
13798,14210
13844,14246
sending pilot state: 0
13905,14211
13920,14277
13891,14238
13887,14315
13883,14236
13886,14256
13893,14229
13886,13802
13834,14170
13878,13367
32821,61495
34101,58423
20790,11831
32054,5943
39477,13844
14246,13816
14210,13795
13878,17207
40502,6967
56373,65079
13878,15927
45110,13893
13822,14198
13739,14216
13900,14259
13863,14246
13890,14283
13858,13870
13841,14255
13742,14210
13795,14133
63542,15671
43062,13950
13837,14134
13877,65077
65079,45365
52791,13878
13877,65079
30262,42039
sending pilot state: 1
13871,14250
13816,14243
13846,14297
13912,14134
8759,38454
311,8501
45367,13833
14235,13797
13867,13878
13858,14134
13827,14174
13902,14236
13878,2870
13893,14134
28471,41782
13875,14264
13833,14133
63542,11575
37686,1335
24886,13623
13832,14233
13878,2359
39734,13621
58679,41526
13899,13858
14223,13861
14255,13833
13838,14153
13878,17718
17719,13813
13901,14255
13878,13833
14232,13878
11575,13861
13828,13877
14258,13877
13878,16439
43830,5175
sending pilot state: 0
13868,13842
14241,13797
14238,13845
14271,13874
14134,21303
14646,1079
25398,16439
28214,10039
29237,58423
23861,57143
36406,13861
14220,13865
14134,2359
40246,14647
13800,14191
13760,14281
13877,58677
13850,14189
13845,14196
13868,14134
13887,14249
13926,14317
13878,10039
29237,58423
38198,6711
49974,5687
41270,12599
23606,22839
36406,4407
13888,14302
13821,14280
13813,14134
25399,61494
13851,13845
14196,13878
11319,44086
13751,13926
14317,13839
sending pilot state: 1
14245,13838
14268,13821
14181,13824
14226,13886
14249,13932
13832,13841
14245,13884
14246,13808
13877,62773
62775,43062
13857,14298
13989,14225
13622,13879
13920,14133
46903,48438
13891,14245
13873,14173
13885,14134
13855,14227
13843,14252
13910,14324
13878,15414
15415,42550
13904,13894
14234,13865
14220,13881
14300,13955
13813,14133
64823,38453
13843,14241
13872,14181
13821,14134
12599,23862
13844,14115
13842,14213
13891,14152
13880,14159
13810,14214
13871,14280
sending pilot state: 0
13828,14181
13836,14134
13878,33591
13860,14238
13853,13782
14134,13843
14241,13897
13885,14219
13781,14159
13936,14236
13825,14262
13873,14236
13802,14250
13621,62007
34357,64823
49718,17975
13840,14230
13869,14145
13852,13878
9271,40502
13868,14134
13622,18743
13849,13878
15671,35638
22071,13924
14237,13812
14267,13864
14278,13813
13911,14267
13877,64823
49718,18999
13841,14240
13866,14282
13848,14170
13851,14237
13900,14209
13907,14157
13863,13849
sending pilot state: 1
14134,31287
13910,14295
13801,14254
13862,14169
13921,14273
13878,22327
47926,16439
13827,14247
13926,14211
13837,13866
13886,14234
13818,13851
14134,1079
13850,14190
13878,10039
20534,10807
13622,22071
55094,8759
41782,13862
13878,24887
13860,14228
13853,14336
13829,14326
13781,14230
13878,3383
13899,14302
13981,13818
13851,14178
13808,13850
14190,13856
14205,13820
13827,14184
13894,14241
13865,13857
14133,56374
13881,14177
13832,14253
sending pilot state: 0
13878,1335
63029,59447
13843,14274
13862,14134
19254,3127
35126,13851
14178,13848
14212,13859
14243,13840
13939,14286
13889,14212
13828,14194
13877,56375
13878,14647
24886,13832
14133,56119
42038,15413
13878,4919
49718,822
13838,13836
13878,5175
47414,10806
13878,9015
41782,17719
13815,14134
13868,14139
13860,14134
13825,14188
13846,14244
13830,14295
13877,56119
13863,14207
13809,14134
13881,14303
13622,3638
13824,14280
13831,14186
13831,14134
sending pilot state: 1
13821,14179
13835,13815
13910,14201
13845,13860
14134,12086
13890,14175
13838,14198
13878,13858
13830,14297
13818,14259
13828,14243
13917,14235
13838,14254
13843,14262
13844,14303
13886,14256
13891,14304
13878,22071
13932,14299
13881,14182
13882,13878
16951,24374
567,50229
63287,41270
11831,28726
13779,14206
13803,14189
13878,3639
44597,13843
13848,14254
13834,14262
13820,14275
13878,5175
40246,13932
14299,13826
13797,14217
13947,14134
13798,13815
14241,13808
sending pilot state: 0
13878,15415
23862,6967
34101,57911
13878,13878
13808,14201
13915,14222
13795,14134
13877,13820
14275,13818
13956,13871
13878,566
567,39734
23351,13884
14212,13862
13817,14231
13844,14134
15927,26166
13881,14208
13890,14266
13851,14133
13873,14134
23351,36406
9527,46645
13930,14266
13877,14185
13842,14252
13802,14228
13844,14311
13878,9783
40246,26935
37686,22839
39990,3383
47926,4663
26934,822
