Starting up...
Bluetooth Sample Recieve ('hcitool dev' in terminal returns the bluetooth address of this device)
Registering data store callback...
Registering WebSocket callback...
Starting DB thread...Server listening on Reading from datasource. 
8080
13830,22425
22508,13913
13824,0
13853,14281
13914,14179
13944,14180
13922,14248
13842,14241
13868,14200
13900,14229
13900,14183
13853,14080
0,54
9271,61238
13825,14233
13911,39255
13881,14246
13866,14217
13858,13853
13890,14134
23095,25398
17975,44598
13842,14266
13920,14320
13831,13900
14229,13878
19511,26421
60215,52278
13878,10295
13896,14172
13852,13826
14239,13878
14647,42550
18231,37942
13111,34870
13851,14244
13878,13878
sending pilot state: 0
13850,14130
13622,24631
13839,14263
13868,14158
13854,14255
13792,13878
13878,13837
14241,13753
14197,13861
13852,14219
13866,14281
13926,14293
13862,14134
13938,14237
13841,13878
27447,54582
13879,14205
13906,13878
3894,27703
13892,13878
13865,14171
13904,14134
16183,26165
13764,14169
13878,7223
35638,3127
13878,26167
54582,19511
13904,14211
13831,14274
13953,14134
3896,11830
8758,6199
13826,14213
13849,14151
13901,14221
13878,20534
20535,38454
sending pilot state: 1
14391,47670
13932,14218
13774,14213
13872,14189
13897,14134
13851,14245
13878,1847
49718,22583
32822,24631
13799,14262
13818,14361
13835,14253
13878,19767
36150,13826
14186,13834
14197,13917
14221,13876
13877,52791
34102,1334
13878,18743
41782,7479
13852,14205
13801,14268
13884,14134
13877,59191
13829,14216
13885,14236
13908,14206
13847,14312
13855,14197
13808,14225
13827,14253
13852,14134
13623,13878
1335,58422
13367,45878
2871,30774
11319,52022
sending pilot state: 0
1847,13816
13931,14203
13839,14232
13943,13885
14236,13878
21559,32310
567,51254
10807,24885
13878,823
44342,13852
13845,14188
13878,13876
14259,13860
14233,13880
13863,14277
13925,14220
13961,14134
27447,31542
7479,32566
823,17718
13856,14189
13878,10807
24886,12087
48693,63542
1335,37174
13878,5431
27702,22071
31798,4407
28470,20279
24630,20279
13870,14264
13856,14134
13921,14323
13922,14250
13830,13878
13819,14261
13885,13852
13873,14160
sending pilot state: 1
13831,14221
13852,14134
15671,50486
13623,38710
13878,4407
13847,14132
13803,14170
13867,14134
11831,47157
63799,39478
13878,25143
43574,7735
43574,20279
13835,14234
13867,13873
14160,13906
14199,13876
14259,13877
13844,13849
13872,14316
13878,5942
5942,15669
60215,23094
13889,14194
13842,14337
13878,13894
14134,20535
13939,14242
13900,14276
13860,14201
13878,21047
30518,10295
32310,7991
33590,12855
36662,13872
13878,14134
18487,42294
4407,16950
13623,15414
sending pilot state: 0
16183,36150
6967,35381
13807,14298
13927,14171
13967,14219
13868,14222
13876,14134
13866,14199
13900,14134
13849,14260
13857,14134
14005,13878
14129,13923
13816,14235
13854,14231
13815,14162
13877,56375
13862,14133
61239,55862
13622,13967
14219,13847
13937,14141
13748,14185
13861,14206
13882,14195
13829,14228
13878,46391
45366,14647
26422,6711
46645,64055
25398,34359
39478,19511
13882,14230
13878,13877
14133,56117
13878,5943
42549,64567
13877,46135
sending pilot state: 1
13824,14180
13857,14222
13837,13829
13878,11319
13835,14257
13842,13878
6711,46645
58679,13832
13840,13900
13848,14222
13945,14234
13877,56119
59190,3895
13893,14224
13886,14246
13899,14134
13889,14234
13882,14134
13947,14134
13884,14174
13856,14164
13828,14133
58678,7735
38453,63799
39222,15415
51253,57655
42038,13870
14260,13897
14164,13916
13918,14272
13867,14173
13897,14308
13844,14134
14903,41270
9783,37430
9271,42294
16183,47670
23351,30518
sending pilot state: 0
11063,55350
11575,51766
2103,38966
13928,14243
13886,14188
13824,14218
13864,14230
13848,14254
13836,14227
13839,14206
13878,9783
13878,9270
13896,14212
13855,14140
13878,11063
55350,11574
11575,51766
4919,36150
15927,29237
13919,14143
13878,54
55,35381
64823,31542
4151,45878
5175,40246
13862,14203
13867,14193
13947,13896
14212,13892
13837,13875
14236,13826
13854,14249
13919,14220
13824,14225
13836,13919
14143,13881
13857,14283
13881,13840
sending pilot state: 1
13869,14234
13875,14292
13855,14215
13892,14242
13903,14212
13855,14145
13905,13878
3382,20535
13915,14208
13877,14258
13868,14188
13844,14201
13859,14217
13878,8503
13823,14195
13779,14230
13894,14246
13884,14134
13867,14173
13825,14239
13850,14162
13806,14189
13884,14183
13878,23350
13836,14224
13863,14219
13916,13844
14201,13862
13863,14287
13877,65335
29494,22583
13883,14184
13840,14256
13878,11063
23862,1846
13803,14247
13914,14320
13869,14201
sending pilot state: 0
13900,14310
13864,13836
13878,10039
13831,14215
13854,14134
13866,14228
13878,1078
13876,14307
13859,14205
13622,4151
13816,14250
13844,13831
14253,13840
13778,14195
13869,14210
13878,13900
13782,14201
13883,14168
13849,14232
13864,14154
13841,14176
13878,7223
46134,13876
14307,13834
14218,13875
14220,13898
14229,13801
14197,13878
13791,14255
13841,14209
13883,14220
13877,13782
14134,13883
13878,6454
13847,14230
13904,14134
4407,24630
13902,14134
sending pilot state: 1
5431,27446
11831,40758
13794,14190
13819,14133
59703,30006
23351,48694
11575,50997
47927,34102
19255,38454
3383,49718
22562,22326
3638,6967
39733,55095
28470,22071
13833,13870
14239,13910
14160,13869
13877,64309
64311,14645
64823,58166
13922,14195
13901,14212
13878,3382
3383,49718
22583,13885
14134,1335
13871,14216
13865,14268
13923,14134
13918,14199
13942,14281
13799,14134
11575,22326
26423,44598
13846,14170
13877,14203
13824,14223
13890,13897
sending pilot state: 0
13757,14185
13841,14235
13875,14268
13896,14170
13850,14272
13823,14175
13913,14265
13912,13942
13956,14187
13910,14286
13791,13843
14240,13824
14200,13880
14259,13862
14208,13822
14220,13947
14277,13834
13848,14146
13842,14197
13811,14184
13848,14278
13907,14134
22839,47414
3637,53815
13861,14125
13829,14238
13746,13824
14200,13895
14134,13862
13810,14223
13853,14145
13858,14134
13870,14240
13815,13842
13913,14272
13850,14213
13906,14177
13902,14299
sending pilot state: 1
13877,53815
39222,6198
13789,14173
13864,14263
13805,14247
13829,14213
13878,14183
13864,14248
13866,14096
13886,14134
11831,13874
14198,13892
13860,14172
13918,14224
13914,14222
13872,14239
13821,14241
13845,14202
13830,14134
10295,46902
1079,26934
13878,13878
13822,14158
13931,14134
13932,14191
13795,14248
13894,14274
13836,14134
9269,61495
24886,2615
32054,26167
13866,14144
13869,14134
5431,31286
1847,31542
16694,2103
13853,14134
2871,32565
sending pilot state: 0
54839,39478
12087,30518
27959,33590
18743,40246
13823,14239
13928,14211
13878,2615
32054,33846
26167,30006
13904,14242
13878,1846
13878,16695
13834,14254
13922,13853
14134,23351
13832,14246
13805,14210
13840,14214
13878,16439
50998,311
49974,13928
14211,13903
13838,14281
13924,14244
13843,14270
13878,24631
48182,9527
13842,14195
13878,25143
13870,14268
13893,14152
13858,14190
13884,14206
13837,14211
13817,14288
13878,13891
14257,13872
14208,13878
3639,51509
sending pilot state: 1
13622,4919
13847,14231
13815,14220
13895,14243
13909,14187
13833,14224
13857,14161
13878,8759
28213,61239
26678,20279
31798,36919
13843,14195
13847,13872
13859,14170
13902,14257
13884,14203
13871,14181
13877,63287
35893,13878
18230,11063
13864,13833
14224,13884
13831,14134
10551,41782
16183,50230
13789,14271
13794,14161
13914,14134
5941,52279
43573,59959
41014,11063
13881,14134
13920,14205
13812,14254
13835,14321
13927,14276
13622,13884
14260,13829
sending pilot state: 0
13810,14218
13855,13857
13951,14218
13787,14216
13987,14276
13815,14270
13621,59959
41014,13878
11063,37942
7991,30518
567,43573
13880,14176
13854,14205
13877,13776
14216,13874
14179,13970
14179,13870
14247,13892
13893,14199
13890,14217
13915,14204
13910,14236
13867,14134
35895,49206
13855,14228
13877,13813
14177,13890
13902,14181
13797,14191
13816,14136
13910,14300
13879,14190
13831,14172
13848,14147
13823,14194
13887,14231
13932,14180
13880,14266
sending pilot state: 1
13893,14249
13873,14274
13804,14229
13896,14134
13898,13902
14181,13795
14220,13869
14207,13853
14284,13844
13895,14172
13878,13848
13891,14205
13823,14226
13802,14173
13820,14111
13925,14213
13840,14233
13877,60469
60471,13870
14186,13865
13896,14200
13893,14134
13792,14235
13873,14227
13849,14152
13796,14251
13885,13891
14205,13931
14248,13846
14284,13926
13812,14263
13878,4151
39222,16951
13887,14163
13823,14229
13864,14284
13863,14099
sending pilot state: 0
13891,14171
13848,14211
13908,14188
13894,14262
13853,14134
15671,13878
27447,43062
10806,7991
26934,9271
13846,14198
13904,14204
13889,14258
13875,14133
65335,38198
13775,14134
13878,14255
13836,14134
13894,14255
13878,17975
13877,14232
13920,14155
13803,14163
13873,14190
13849,14164
13848,14249
13855,14264
13851,13878
13854,14243
13877,14283
13621,53047
13862,14267
13902,13836
13889,14219
13878,37431
13878,13623
13894,14306
13858,14243
13928,14170
sending pilot state: 1
13917,14233
13815,14226
13795,14206
13799,14134
6967,13838
14200,13830
14248,13621
13846,14281
13852,14208
13857,14161
13834,13857
13879,14226
13838,14203
13862,14171
13856,14203
13813,14229
13877,14192
13869,14242
13808,14216
13933,14186
14021,13878
1591,43061
56119,13886
13903,14226
13858,14313
13861,14138
13911,13879
14134,21047
33078,27959
42550,9015
13897,14133
13844,14193
13812,14100
13880,14218
13930,14227
13903,14153
13866,14149
13878,15927
35638,17463
sending pilot state: 0
13860,13858
14313,13893
14201,13875
14228,13843
14156,13866
13834,14220
13833,14248
13851,14136
13880,14133
13780,14134
14391,35382
15159,52790
13856,13878
10807,17718
15671,31285
13886,14134
13798,14230
13878,13111
13915,14166
13816,14220
13967,14266
13910,14170
13870,14185
13857,14231
13885,14301
13786,13883
13787,14229
13842,14203
13864,14153
13831,14278
13916,14239
13847,13798
13838,13851
14209,13915
13868,13816
14220,13854
13864,14241
13831,14233
sending pilot state: 1
13878,8503
38710,16183
37174,15157
55863,31286
10807,45110
16695,13828
14181,13884
14219,13899
14237,13803
13881,14268
13802,14301
13904,14147
13856,14261
13845,14180
13855,14193
13812,14195
13799,14224
13818,13883
14162,13815
14249,13913
14253,13849
13907,14298
13928,14204
13899,14195
13920,14235
13866,14133
59959,56629
13883,14243
13813,14223
13830,14193
13881,14249
13799,14133
59191,36918
2103,41782
13987,14184
13877,14278
13871,14147
13870,14227
sending pilot state: 0
13821,14168
13937,13920
14235,13930
14285,13831
14215,13844
13906,14259
13902,14187
13911,14134
13847,13799
13899,14142
13837,14218
13906,13987
14184,13878
13623,50742
9015,44086
7735,28470
13848,14134
28983,35382
13878,1847
34614,12343
13893,14206
13825,14227
13882,14167
13823,14238
13878,19254
19255,15926
41527,18998
5175,37686
13878,9014
9015,44086
12599,34614
24631,23350
13956,13879
14176,13833
14291,13833
14134,15415
17974,18487
13850,14199
sending pilot state: 1
13856,13823
14238,13878
13878,41527
18998,1847
33078,12343
34614,17975
27702,13878
13896,14217
13852,14150
13869,14209
13900,14235
13888,14199
13842,14193
13831,14212
13882,14134
13869,14233
13878,7479
39990,22839
44598,9783
13882,14134
12341,58167
13839,14182
13926,14147
13845,14215
13830,14198
13920,14188
13928,14194
13807,14186
13866,13878
1847,33846
13367,31286
13838,14134
13622,22839
44597,62263
13911,14178
13807,14133
58167,52278
25143,64309
63031,42550
sending pilot state: 0
9527,52533
62518,13111
13893,14222
13822,14133
61239,27189
13878,13876
14202,13878
15415,42550
12855,49974
11831,13946
14206,13883
13877,61239
13909,13922
13812,14147
13870,14194
13862,14189
13895,14134
13111,37942
13947,14175
13621,65335
13878,5943
13920,14134
20791,39734
10806,15671
58166,24887
13899,14227
13883,14310
13918,14152
13862,14199
13875,13870
14134,24886
9783,27958
13837,14216
13854,14210
13772,14244
13895,13844
13846,14171
13836,14222
sending pilot state: 1
13883,14238
13838,14251
13865,14149
13947,13883
13882,13878
13800,13878
9783,30518
13877,14219
13843,14134
22583,33078
13909,14196
13891,14234
13833,13895
14242,13931
13861,14189
13913,14237
13915,14262
13904,14134
10549,13947
13872,13882
14187,13842
14133,65079
48182,25654
13623,35638
13855,14224
13826,14214
13878,13891
14234,13891
13862,14233
13820,13861
13931,14249
13859,14178
13901,14224
13857,14252
13894,14134
12341,62519
21301,48695
13895,14286
sending pilot state: 0
13837,13850
14227,13827
14178,13840
14159,13878
13779,14260
13868,14134
13904,14253
13858,14270
13840,14235
13881,14134
19767,36918
21558,13894
13905,14133
62518,5431
52278,5430
18231,13878
3383,13803
14196,13881
13843,14264
13911,14192
13860,13878
13832,14192
13815,14134
13896,14257
13879,14210
13796,14287
13895,14257
13908,14173
13894,14320
13836,14241
13883,14188
13823,14265
13891,14210
13864,14305
13841,14235
13878,9270
9271,25910
13855,14254
sending pilot state: 1
13865,14199
13855,14271
13804,13621
13819,13895
13913,14256
13890,13878
17975,61494
9527,44342
823,46646
13878,17207
33334,13864
13839,14214
13878,9015
13878,9528
13805,14205
13798,14282
13895,14220
13883,14279
13868,13819
14134,22071
13893,14187
13914,14225
13805,14192
13887,14259
13878,32823
30005,58423
45878,21559
13847,14199
13877,14213
13711,14239
13853,13798
13887,14240
13825,14223
13870,14207
13794,14125
13622,17719
27446,13914
14225,13836
sending pilot state: 0
14230,13879
14319,13821
14263,13956
13894,13908
13879,14236
13878,13623
13929,14295
13839,14126
13873,14221
13921,14239
13886,14159
13887,14238
13831,14274
13852,14134
2613,54071
33846,10295
41525,13821
14133,60215
62262,9527
13911,14224
13878,11063
13889,14317
13842,14180
13878,12599
36150,5430
13927,14134
15927,20278
18231,40246
13890,14259
13801,13779
13878,10295
41526,13813
13863,14133
60215,62262
13832,14228
13861,13868
13818,14230
13823,14248
sending pilot state: 1
13821,14188
13847,14245
13777,14263
13883,14134
13777,14161
13863,14265
13877,59701
59702,28470
14391,50998
12855,25910
6455,36405
49974,8759
38965,65079
13865,14251
13810,14211
13852,14201
13903,14250
13895,14217
13916,14218
13922,13777
14133,64055
13784,14188
13838,14252
13792,14293
13744,14189
13836,14133
13622,8759
13860,14206
13878,13865
14251,13830
14244,13864
14190,13846
14110,13867
14160,13807
13883,14184
13885,14239
13877,55351
27702,20022
sending pilot state: 0
3639,44086
13935,14133
13803,14248
13877,61751
38454,16951
39478,11831
53046,4919
42550,15670
10295,28214
1334,10039
31798,16695
13969,13883
13875,14181
13869,13830
13838,14222
13930,13879
14226,13786
14224,13868
14247,13851
13837,14245
13892,14221
13878,13878
4919,42549
13869,14179
13917,13878
10039,13893
13842,14271
13879,14134
13111,13816
14173,13854
14214,13878
13840,14203
13813,14162
13836,14304
13921,14134
3383,42293
64054,18230
6455,13851
sending pilot state: 1
14243,13848
14134,13917
14262,13843
14134,13842
14271,13887
14189,13771
14159,13851
14218,13878
5943,37174
13821,14133
13850,14197
13779,14220
13887,14202
13865,14179
13828,14164
13927,14198
13878,16183
13893,14253
13859,13878
15927,55350
13852,14186
13894,14130
13842,13892
13860,14191
13845,14389
64823,35893
64567,13842
13812,14134
13799,14215
13853,14134
13891,14150
13949,14237
13817,14207
13903,14236
13878,13864
13881,14194
13949,14238
13941,14269
sending pilot state: 0
13622,9271
13856,14129
13838,14247
13934,14235
13877,14243
13832,14133
59191,34614
27703,26166
13859,14257
13859,14200
13883,14280
13860,14185
13878,14647
29238,18742
32055,40502
13870,14209
13901,14256
13826,14134
13878,28215
39734,10807
12598,24887
23350,13932
13878,24631
13855,14134
9015,45366
13859,14134
15159,13866
14215,13778
13845,14134
18741,57655
34358,10806
11830,36407
36918,32055
13844,14134
13622,10807
12598,567
17974,26423
13780,13890
sending pilot state: 1
14255,13836
14134,27703
13909,14239
13851,14144
13874,14213
13948,14217
13877,57655
13859,14140
13857,14233
13899,14182
13864,14228
13817,14220
13900,14243
13793,14314
13844,13621
54327,13825
13881,14198
13864,14241
13870,14193
13896,14208
13794,13948
13823,14134
27447,37174
8759,30774
13878,19255
13844,14236
13893,14311
13840,14277
13848,14185
13878,5174
5175,53814
25655,43573
56887,33846
13881,14256
13878,18487
32822,14901
57910,6455
13622,8759
sending pilot state: 0
30774,2358
15158,13623
49718,3895
13893,14209
13815,14240
13824,14193
13914,14200
13865,14215
13852,14170
13881,14263
13834,14315
13871,13878
11062,22071
21814,17463
56886,11575
35894,34870
13878,13623
49718,13839
14170,13841
13877,13815
13853,14195
13875,14279
13843,14203
13895,14251
13903,14187
13804,14229
13868,14235
13792,14256
13756,14263
13871,14218
13824,14287
13817,14235
13839,14193
13912,14257
13876,14156
13737,14239
13866,14134
13111,50998
sending pilot state: 1
11063,24374
14647,35382
30007,39222
13797,13868
14235,13814
14186,13846
14191,13851
14220,13850
13856,14203
13878,13839
13886,14240
13834,14134
13367,13902
13925,14134
13866,14134
11063,24374
24887,56118
16950,3126
21815,13889
13821,14295
13821,14133
13868,13851
13871,14219
13811,14244
13973,14195
13852,14209
13821,14134
13839,14134
20023,34102
13884,14134
13922,14240
13841,14255
13893,14198
13848,14299
13868,14179
13886,14211
13920,13868
14250,13916
sending pilot state: 0
14212,13877
13879,14203
13837,14134
13936,13621
64823,44597
64311,38710
22839,32054
5175,22837
13903,14210
13810,14233
13953,14173
13878,11319
13811,13886
13820,14236
13905,14270
13878,22839
42294,4407
31030,16182
3382,9015
39990,3639
13846,14235
13823,14238
13841,14167
13821,13903
14210,13857
13844,14270
13848,14157
13872,13811
13877,64565
64567,13833
14226,13738
14223,13841
14268,13878
16183,13878
13937,14153
13871,14250
13887,14133
13831,14234
13899,14133
sending pilot state: 1
64823,35638
11063,53046
20791,55862
13894,14179
13889,14236
13878,2359
13978,14176
13827,14148
13877,14266
13926,14266
13860,14243
13817,13871
13902,14264
13830,14192
13905,14248
13898,14134
11063,53046
12087,32566
13879,14258
13865,13878
13844,14269
13794,14232
13859,14134
13881,14247
13797,14218
13929,13860
14243,13901
13862,14255
13818,14134
13909,14309
13878,13898
14266,13878
13822,14134
10295,35894
3383,13855
13831,14197
13878,14190
sending pilot state: 0
13855,14196
13622,14647
42805,46391
41270,18231
13622,19767
13909,14198
13865,14258
13838,14180
13843,14190
13906,13835
14134,13822
13918,14232
13889,14174
13922,14280
13893,13878
14190,13915
13870,14197
13839,14143
13882,14268
13835,14239
13925,14134
13824,13865
13847,14235
13878,4918
4919,28214
8503,30518
26166,18743
23862,11831
40757,63031
34870,7479
13865,14244
13910,14307
13867,14184
13804,13878
13886,14243
13872,14134
13949,14286
13926,14246
13751,13860
sending pilot state: 1
13880,14230
13910,14244
13862,14271
13878,11831
13810,14262
13809,14166
13828,13865
13928,14226
13850,14274
13863,14196
13934,14219
13840,14241
13752,14202
13837,14161
13776,14196
13878,14390
13854,14240
13827,14194
13891,14203
13836,14240
13851,14179
13847,13828
14207,13878
13857,13850
13839,14180
13913,14237
13820,13840
13877,47159
31286,17463
13792,14329
13847,14218
13877,14313
13878,823
13875,14199
13940,14267
13874,14238
13911,13847
14188,13909
sending pilot state: 0
13622,13857
14150,13861
13867,14134
13877,64567
13920,13886
14217,13805
14232,13904
13870,14227
13837,14192
13870,14193
13873,14134
13842,13940
13850,14197
13842,14186
13824,14134
13855,14176
13863,14283
13865,14281
13832,14156
13811,14227
13896,14133
60727,13808
13822,14189
13869,14263
13835,14196
13794,14218
13863,14227
13868,14221
13827,14232
13874,14181
13842,14134
7989,54327
13878,13865
13850,14208
13827,14251
13878,18487
13866,14221
13789,14244
sending pilot state: 1
13884,14312
13826,14277
13825,14246
13836,14134
10039,37686
13854,14134
823,38966
14391,37686
15415,19510
13807,14201
13859,14164
13871,14148
13922,14174
13811,13866
14221,13865
14264,13915
14274,13910
14199,13908
13909,14171
13848,13836
14268,13979
13842,14200
13825,14247
13874,14298
13862,14243
13878,9015
13622,12087
17462,13922
14134,15671
49718,22327
44854,8759
51254,11575
43574,21047
13876,14308
13826,14206
13853,14232
13837,14238
13810,14134
sending pilot state: 0
13830,13874
14298,13920
14186,13878
13878,14241
13872,13826
14289,13865
13879,14239
13866,14197
13896,14217
13769,14247
13880,14215
13870,14189
13838,14251
13860,14323
13798,14117
13839,14177
13890,14134
13896,14218
13855,13878
14241,13981
13863,14225
13851,14151
13622,10807
13932,14273
13824,14255
13828,14134
13889,14212
13903,13838
14134,12343
34869,52791
13796,14203
13867,14188
13904,14192
13863,14179
13878,40247
13865,13863
14225,13830
sending pilot state: 1
14276,13851
14224,13833
14211,13861
13925,14187
13920,14225
13866,14203
13861,14242
13848,14281
13821,14285
13827,14134
11063,27702
13623,13878
13910,13968
14264,13797
14134,6967
54838,3127
24118,22327
13844,14231
13920,14134
25911,13853
14233,13886
14182,13878
9527,41526
13903,14133
64823,52533
55351,44854
16439,34358
10807,40758
28471,46390
13885,14087
13810,14168
13813,14134
13772,14252
13944,14195
13878,7479
13827,14228
13875,14246
13878,13829
13903,14134
sending pilot state: 0
20279,45366
13888,14219
13858,14291
13883,14146
13855,14247
13872,14245
13923,14246
13899,14297
13906,14214
13864,14179
13852,13878
8503,13890
13936,14292
13838,14390
13806,14134
20279,47670
20791,42038
18487,51766
13622,15159
16950,13855
14247,13878
12343,42294
25911,13836
14133,61751
50998,16695
56118,22327
33589,54327
34102,13623
13888,14265
13851,14133
60983,19254
13867,13878
13877,14189
13877,64823
13955,14224
13874,14241
13879,14235
13856,14248
sending pilot state: 1
13890,14249
13878,16695
22438,13861
14291,13845
13878,14190
13622,6967
34870,21046
13823,14276
13791,14209
13938,14192
13863,14255
13938,14217
13874,14134
14133,63542
8247,13622
13917,14134
19767,13926
14244,13880
14208,13840
14198,13622
13879,28213
62263,48694
13881,14227
13881,14349
13725,14232
13878,10039
44854,10295
13878,12855
13788,14285
13877,14245
13823,14184
13905,14238
13842,14134
14391,32822
13803,14277
13856,14215
13829,14206
sending pilot state: 0
13920,14181
13814,13881
13887,14232
13777,14221
13887,14159
13869,14210
13827,14285
13849,14198
13874,14210
13776,14222
13834,14215
13866,14242
13879,14236
13861,13856
13838,14205
13925,13920
14181,13877
13931,14212
13907,13777
14221,13896
14134,10294
11575,33334
13856,14191
13919,14231
13836,13621
53303,36406
11575,32054
13866,14151
13878,9527
42038,11575
13843,14224
13792,14251
13817,14240
13858,14291
13920,14172
13834,14205
13930,14225
13923,14270
13844,14234
sending pilot state: 1
13821,14215
13878,11575
32054,22327
28726,4919
42038,11063
13856,14236
13877,14227
13824,14133
57399,43830
7991,18742
12343,61238
11063,22838
14647,52278
14135,31798
24631,16438
20535,51766
13893,14240
13823,14256
13962,14134
13843,14205
13787,14260
13889,14143
13841,14166
13894,14215
13818,14205
13841,14266
13829,13878
14647,52278
17463,23862
22327,13885
14133,58935
47926,26423
17462,6967
46902,13962
14189,13875
14181,13883
14231,13900
14327,13865
sending pilot state: 0
14222,13847
14208,13877
13868,14134
4406,13829
13846,14197
13871,14277
13846,14237
13821,14233
13843,14210
13802,14180
13849,14209
13807,14226
13826,14225
13838,14129
13784,14205
13891,14239
13835,13897
14133,63287
30262,10806
9015,47414
13878,12087
13925,14236
13807,13821
14233,13846
14152,13851
14203,13825
14201,13896
13878,14259
13919,14231
13849,13621
13848,14206
13913,14185
13868,14235
13874,13866
14354,13897
14141,13876
13622,13925
14236,13959
sending pilot state: 1
14200,13966
13919,14258
13821,14291
13791,14147
13816,14193
13908,14253
13869,13849
14188,13836
13927,14210
13897,14272
13834,14215
13836,14212
13783,14226
13923,13823
14277,13861
14247,13875
14234,13911
13831,13821
14291,13846
13877,63543
28981,13878
13891,13869
14349,13807
14267,13622
26422,7479
32566,18487
53045,63543
21814,5943
13854,14187
13776,14140
13900,14252
13878,22327
32310,7735
13782,14235
13622,15671
18230,2103
30773,59703
47158,10295
38197,13797
sending pilot state: 0
14250,13915
14176,13878
13875,14133
13923,14280
13823,14275
13902,14247
13823,14134
19511,44086
13807,14235
13867,14302
13754,14133
13878,2102
13863,14262
13865,13864
14229,13808
14234,13870
14253,13856
14256,13867
13878,25399
51254,9015
13838,14241
13834,14197
13836,14287
13840,14163
13941,14193
13621,47671
34614,3894
8759,59702
13881,14222
13922,14218
13953,14258
13969,14242
13942,14233
13896,14137
13859,14204
13805,14169
13822,14299
13848,14134
sending pilot state: 1
13903,14288
13801,14283
13864,14133
64821,58679
22582,7223
23605,56119
26421,65079
13913,14186
13832,14184
13792,14178
13878,18486
18487,14646
13832,14291
13815,14206
13881,14250
13896,14134
20279,53302
13834,14170
13883,14266
13814,14134
13889,14252
13864,14241
13801,14269
13934,14245
13967,14149
13890,13869
14191,13806
13868,14174
13897,14209
13923,14256
13827,13896
13908,14211
13806,13878
2615,13819
14254,13839
13964,14165
13853,14280
13829,14133
sending pilot state: 0
13888,14151
13878,13967
13847,14238
13819,14133
60983,34358
13822,14182
13823,14134
25399,45110
1079,54582
4919,32054
13877,64311
13878,13839
14269,13878
13916,14259
13888,14134
1335,42806
13841,14179
13825,14164
13891,14280
13812,14295
13844,14217
13903,14228
13871,14134
1079,13883
14237,13929
14223,13825
13865,14134
10551,55094
13622,23606
23607,45878
13836,14171
13898,13841
14179,13843
13904,14294
13880,14282
13878,5175
35126,21559
13917,14244
sending pilot state: 1
13889,14228
13814,14284
13811,14241
13859,14241
13841,14134
13933,14259
13857,14294
13940,14201
13799,13898
13878,4919
37942,20279
27190,6199
13785,14134
20023,26934
11573,55863
24886,13878
16694,12087
44086,7991
13851,14173
13898,13841
13878,27959
45878,13878
13858,14192
13848,14269
13878,9015
34870,4407
42294,1335
49718,17207
33846,18487
13927,14227
13939,14223
13821,14261
13855,14288
13878,6967
13811,14258
13622,7223
26165,46647
48950,6198
sending pilot state: 0
8759,28726
13834,14220
13886,13841
14134,9271
13816,14193
13877,14240
13886,14167
13851,14237
13858,14154
13927,14210
13875,14134
13922,13811
14258,13833
13877,46647
48949,57655
13861,14228
13834,14134
2614,49975
13622,13860
13866,14133
63543,28982
18743,13882
14251,13786
13837,14248
13806,14263
13929,14134
13111,31030
13856,13833
14134,17975
4406,7223
13878,9527
37942,5943
39734,31543
43062,13111
42294,1079
43062,13623
13896,14205
13867,14240
sending pilot state: 1
13858,14236
13823,13806
14263,13859
14227,13857
13825,14188
13878,17975
4406,21815
13840,14184
13896,14250
13843,14134
13916,14228
13912,14225
13831,14206
13867,14190
13839,14213
13852,14184
13967,13823
13869,14243
13831,14197
13856,14188
13857,14209
13814,14242
13968,14134
13878,18487
13889,14298
13911,14187
13861,13912
13882,14134
1847,32310
5687,28726
8503,30006
13367,33334
16695,17974
10295,29238
27446,11063
25654,17463
42550,23863
46134,11575
sending pilot state: 0
13850,13896
14134,55
46390,13911
13829,14176
13785,14225
13826,14134
5687,28726
11831,38197
64823,27958
20279,26934
11574,5687
55350,13367
13878,17463
13932,14248
13891,14212
13880,13850
14290,13873
14215,13936
14200,13845
14269,13873
14213,13921
13948,14207
13827,14204
13861,13903
13851,14287
13878,13878
13863,14266
13917,14134
6711,44853
63287,28982
13866,14175
13878,12599
34613,64823
34102,11830
5430,21303
27190,17207
13878,31799
13808,13827
sending pilot state: 1
14204,13760
13900,14134
6967,53046
13891,14134
10039,47670
10807,35638
13921,14210
13827,14134
10806,34359
13873,14246
13948,14194
13897,14146
13855,14202
13622,6967
13836,14239
13886,14133
13864,14134
19511,51253
63031,32566
12087,38454
13879,34101
64567,13838
13854,14207
13914,14276
13950,14134
13879,14189
13849,14188
13895,14239
13833,14133
13887,14190
13849,14239
13910,13864
14204,13936
13845,14195
13622,13878
13776,14267
13943,14253
13840,14207
sending pilot state: 0
13830,13914
14276,13793
13878,14135
27958,13623
53813,13895
14239,13814
14147,13860
13889,14229
13819,14166
13936,14222
13897,14134
5431,29494
11575,13835
14242,13804
13848,14285
13858,13878
1590,12341
13846,14231
13854,14134
13623,53814
13839,14269
13907,14300
13909,14134
16695,38198
13878,28727
13878,18743
13802,13869
14184,13850
14313,13893
14178,13804
13767,14204
13906,14134
13885,14134
13872,14148
13754,14134
20023,51254
31030,13879
13853,14219
sending pilot state: 1
13850,14149
13857,14307
13874,14222
13894,14279
13817,14247
13849,14249
13917,14264
13862,14230
13853,14228
13890,14163
13850,14229
13877,47671
61238,30007
13828,14134
13855,14202
13877,14212
13851,13857
13938,14154
13908,14255
13864,14213
13878,6455
43318,13917
14264,13839
14242,13878
7479,37942
13883,13850
14229,13902
14283,13793
13838,14197
13878,7990
13841,14202
13904,14230
13737,14198
13905,14117
13932,14289
13838,14282
13840,14191
13875,14187
13879,14134
sending pilot state: 0
13878,13887
13805,14165
13878,20023
13789,14252
13826,14235
13899,14208
13926,14212
13881,14202
13825,14145
13878,13905
14117,13852
14298,13948
13835,14134
13871,14238
13878,13879
14134,9015
13848,14121
13878,15415
13951,14183
13832,14218
13822,13899
14208,13891
13848,14192
13917,14258
13788,14212
13797,14284
13859,14134
31799,45110
13903,14212
13831,13878
13799,13859
13878,6199
13852,14107
13983,14204
13878,2103
13870,14191
13834,14225
13934,14206
sending pilot state: 1
13904,14259
13824,14238
13880,14162
13859,14222
13854,14134
11831,53558
13892,14273
13815,14133
13854,14229
13870,14184
13841,14153
13835,14134
14391,30518
23863,51766
13909,14222
13826,14249
13855,14212
13878,14177
13923,14134
9015,36406
13872,14235
13855,14224
13828,13815
14270,13921
13792,14246
13861,14241
13911,14134
13904,14203
13895,14150
13878,21815
36406,13878
13850,14244
13878,13879
13878,25399
37942,16951
35638,4407
13858,13878
13861,14279
sending pilot state: 0
13826,14221
13879,14216
13816,14215
13934,14222
13891,14226
13897,14241
13864,14197
13919,14208
13852,14242
13854,13838
14173,13868
14204,13841
14216,13823
13814,14246
13808,14193
13873,14224
13851,14134
13804,14213
13826,14134
13920,14246
13827,14263
13878,10295
30005,43831
31542,19766
13900,14134
13851,14221
13861,14227
13920,14156
13876,14238
13876,14266
13798,14221
13873,13878
6967,47157
64823,32310
13881,14269
13890,14279
13862,14254
13829,14133
43831,13864
sending pilot state: 1
14182,13878
19510,10295
13864,14238
13878,24631
19510,12087
33334,13622
13367,47669
13915,14235
13863,14230
13801,14184
13876,14134
14647,48437
61751,33846
13834,14239
13840,14235
13878,14135
13928,14134
10295,54326
17974,37943
13872,14208
13831,14196
13766,14192
13901,14134
13905,14147
13900,14230
13878,13367
13772,13809
13877,14220
13894,14202
13890,14246
13872,14242
13874,14119
13908,14213
13866,14190
13861,14203
13828,13831
13790,14237
sending pilot state: 0
13821,13901
14191,13921
13871,13900
13902,14193
13862,14165
13622,13623
35894,9271
27445,13890
13838,14231
13840,14226
13930,14223
13897,14264
13893,14159
13817,14287
13877,13790
13870,14221
13860,13921
14247,13878
12087,13919
14200,13817
14203,13868
13867,14134
9270,18999
37430,13110
3639,38710
5175,21046
13854,14247
13837,14252
13946,13817
13891,14148
13810,14280
13798,13860
14178,13817
13858,14286
13913,13817
13862,14234
13878,14134
11063,53814
19255,14902
sending pilot state: 1
25399,47926
8503,29750
28982,13854
14247,13854
14159,13824
14218,13799
13846,14269
13863,13621
13861,14256
13916,14282
13939,14232
13841,13878
9783,39478
24631,27446
7991,13776
13816,14147
13878,28983
13888,14214
13878,7735
20278,13824
14218,10778
14224,7734
5687,48407
4773,5518
3861,4432
3225,3638
29495,38922
29452,55048
1986,13855
14247,1670
2242,1435
1966,1257
1152,1655
1066,1579
998,1559
958,1578
6711,36867
791,5911
sending pilot state: 0
884,1599
821,1419
753,3225
688,1100
636,962
579,818
516,661
436,522
367,405
325,260
334,254
250,3
190,173
193,161
168,137
3,29702
16128,22016
25600,15616
2,45060
19456,514
31747,49664
102,132
144,167
176,210
73,316
1,19968
65024,57600
64000,47618
41225,9480
13927,14244
13894,14254
13875,14200
13869,61
13892,52
13870,14221
13894,14109
13887,14192
13824,36864
sending pilot state: 1
13880,14201
13870,14080
18689,15414
13788,14212
13915,14232
13871,14238
13786,14246
13878,17975
44598,7223
13622,11574
13913,14134
13967,14164
13818,14140
13862,14292
13878,9527
13834,14134
13906,13870
13878,10551
48438,28727
38198,567
40502,11063
13868,14216
13892,14244
13922,14241
13764,13819
13795,13913
14250,13840
13813,14186
13867,14137
13834,14218
13810,14242
13875,14169
13824,14179
13874,14188
13838,13826
14238,13841
13774,14226
13875,14223
sending pilot state: 0
13840,13922
13800,13621
13877,58167
10294,55
13877,13813
14186,13930
14226,13926
13858,14133
13914,13875
14169,13975
13871,14243
13769,14234
13863,14243
13820,14211
13812,14169
13794,14226
13846,14260
13798,14187
13895,14171
13889,14245
13901,14190
13855,14235
13851,14137
13835,14237
13878,38711
13878,13871
14243,13956
14234,13840
14260,13855
13823,14242
13794,14190
13844,14211
13621,58935
13878,18230
18230,13889
13900,14254
13908,14228
13906,14106
sending pilot state: 1
13888,14203
13821,14163
13878,13881
14231,13895
13860,13840
14260,13907
14263,13886
13801,13621
13878,5174
5175,33590
13901,13867
14242,13878
5174,9783
27445,65079
27445,61495
35894,17463
13894,14167
13865,14153
13904,14193
13895,14212
13622,21303
46902,15415
34358,5175
31542,4150
8503,34102
17463,22070
14391,43062
7735,30518
13877,13822
14187,13877
61495,35894
25655,20790
19511,64309
13878,20535
13832,14175
13847,14252
13838,14233
13826,14129
13883,14201
sending pilot state: 0
13884,14091
13885,14228
13902,14215
