Starting up...
Bluetooth Sample Recieve ('hcitool dev' in terminal returns the bluetooth address of this device)
Registering data store callback...
Registering WebSocket callback...
Starting DB thread...Server listening on Reading from datasource. 
8080
13837,14234
22559,22391
13887,14238
13878,17719
34614,26936
1078,22839
50230,10807
13841,14281
13824,0
54,4919
13897,0
54,17207
13824,0
54,18231
39734,16695
13866,14260
13891,14287
13891,13934
13878,17719
34614,8503
31798,23607
13622,10807
13827,14292
13899,14187
13622,4919
13945,14203
13964,14203
13835,14213
13866,14390
18231,13890
14293,13812
13913,13891
14287,13877
13894,14218
13874,14134
13874,13916
14134,24375
sending pilot state: 0
44853,63032
4406,13899
13805,13823
14199,13866
13876,14238
13878,2870
13878,10808
5686,42806
16951,54582
13878,22839
13889,14134
13935,14279
13923,14294
13871,14134
12855,60470
10038,13814
13920,14256
13868,13805
13892,14134
13878,13876
13824,14247
13859,14314
13878,42807
13898,14134
14903,13884
14261,13821
14281,13866
13837,14249
13851,13871
13842,13863
14262,13920
14263,13854
14280,13831
13918,14240
13952,14134
16439,47158
13896,14269
13877,14273
sending pilot state: 1
13934,13898
13892,14270
13850,14241
13867,14247
13948,14247
13882,14196
13899,14246
13927,14271
13897,14242
13865,14134
13850,14296
13877,14273
13842,14275
13918,14202
13865,14232
13876,14271
13875,13892
13895,14134
6711,41269
60982,13948
13867,14235
13864,14230
13877,14266
13918,14134
13853,14296
13878,6711
13956,14197
13860,14390
13915,14303
13825,14134
10551,38966
13848,14247
13869,14270
13843,14215
13828,13878
13884,14313
13861,14238
13929,14300
13895,14244
sending pilot state: 0
13828,14188
13925,13905
14268,13881
13824,14256
13907,14215
13933,14134
13878,14903
13878,6199
42806,16439
13821,14288
13902,14275
13852,14301
13912,14241
13846,13929
14300,13871
14339,13878
1079,27701
59959,46390
44087,39990
5431,45622
21047,13869
14134,20535
50741,61495
31541,65079
30006,12855
32822,18231
13878,7222
7223,56630
6711,44086
11062,8247
28470,15415
13877,14313
13878,44086
44087,39990
39991,41526
13855,13869
13856,14286
13968,13808
sending pilot state: 1
13877,65079
30005,13874
14208,13872
14270,13822
13919,14134
6711,44086
23095,56374
13622,15415
13900,14263
13933,14250
13872,13980
13826,14134
24119,13908
13856,14134
8245,58935
39733,64567
43574,9525
62519,13896
14198,13884
14235,13869
13878,13878
13871,14257
13877,65335
38966,20023
13935,14320
13865,14134
13867,14275
13851,13878
13854,14296
13877,58935
39734,2357
13975,14338
13878,18487
30262,17463
63542,18231
13879,13878
13851,14290
13812,14322
sending pilot state: 0
13878,20023
55606,4407
38710,8246
10550,12343
43830,22071
30518,39479
49718,29239
13909,14206
13941,14273
13813,14224
13925,14237
13912,14284
13878,14135
51254,8502
6967,13884
14259,13884
14257,13909
13823,14296
13878,12343
13860,14348
13899,14263
13847,14210
13853,14298
13899,14275
13958,14285
14018,14261
13943,14320
13912,14390
16951,39222
13952,14329
13622,15415
45366,11575
41270,21815
13873,14262
13913,14269
13878,19255
46901,56119
13915,14227
sending pilot state: 1
13914,14271
13915,13958
14285,13907
14246,13938
14321,13878
13894,13917
14258,13797
13824,14300
13873,14289
13935,13909
13622,12598
12598,13913
14269,13828
14290,13909
14134,13915
13856,13914
14271,13918
14315,13878
21303,42550
23862,16438
13894,13894
14264,13877
58679,48694
13622,12599
13916,14134
28471,52790
20791,13850
13855,14134
1079,53814
13844,14316
13859,14238
13832,14134
24119,60214
13893,13917
13741,14259
13905,13894
14281,13887
14207,13879
sending pilot state: 0
13927,13816
13878,23607
13820,14344
13912,14233
13945,14302
13622,4151
13878,5175
60470,17207
13857,14134
13861,14269
13869,14206
13858,14287
13836,14268
13878,16183
32565,56886
13878,13927
14278,13913
14285,13936
14235,13882
14286,13878
13820,14255
13858,14341
13877,14134
17207,53302
13879,52534
18743,52021
61239,38709
63031,52278
13878,21815
13907,14282
13851,14226
13915,14205
13826,14242
13894,14134
13856,14305
13866,14133
64567,13926
14382,13894
sending pilot state: 1
14268,13863
13838,14246
13901,14263
13920,14212
13878,14903
13919,14134
33078,13907
13837,14263
13915,14300
13882,14351
13878,14236
13918,14308
13851,14134
13809,13926
13819,14134
17974,29751
34102,13838
14246,13808
13819,14230
13878,14391
44341,13919
13878,14256
13889,13837
14263,13897
14307,13872
14390,11831
13820,14134
24119,58422
15671,43062
13856,14133
64311,50742
7223,44598
25911,59702
13898,14275
13878,13368
13951,14264
13911,14284
13931,14241
sending pilot state: 0
13790,14240
13821,14277
13924,14299
13952,14285
13902,14274
13913,14267
13926,14253
13900,13878
13878,13925
14313,13878
28727,61750
13897,14206
13878,32567
13878,22327
52278,6967
13881,13790
14240,13944
13880,14379
13905,14134
13911,14301
13857,14134
22839,47926
2615,39990
38967,48438
13837,14208
13916,14212
13912,14260
13900,14278
13858,13937
14258,13851
14134,20278
13885,14253
13887,14357
13878,20791
13908,13911
13883,14216
13879,14134
2615,13835
13847,14274
sending pilot state: 1
13906,14321
13960,14134
23607,13914
13996,14212
13887,14294
13881,14244
13880,13903
13819,14237
13873,13887
13913,14311
13878,21559
13868,14316
13852,14312
13907,14334
13622,5942
13906,13878
13853,14218
13875,14310
13930,14134
13842,14244
13895,14253
13998,14294
13816,14254
13868,14245
13776,14256
13916,14256
13895,14134
13912,14188
13838,14134
13971,14308
13891,13906
13878,7479
13886,13878
13111,58934
13622,13878
13888,14322
13923,14134
44599,54838
sending pilot state: 0
22071,56630
22070,16695
13857,14134
13863,13895
14261,13878
22583,27701
13918,14134
13876,13891
14316,13907
13939,14289
13878,13902
14212,13870
14363,13840
14248,13766
13905,14234
13887,14244
13919,14261
13846,14270
13872,14308
13878,3640
13926,13807
13912,14199
13869,13878
13865,14262
13925,14219
13887,14332
13888,14134
11832,6966
31288,5174
16183,55094
13863,14286
13874,14145
13857,13878
5687,48694
28471,56630
7735,61238
13878,24119
42038,16439
sending pilot state: 1
13826,14134
10551,46646
7478,8760
15670,2359
21301,52535
44853,58679
42550,13111
13902,14234
13882,14326
13917,14267
13856,13878
28471,56630
19255,44854
7223,53046
13983,14134
13912,14329
13843,14218
13894,14207
13899,14272
13877,14276
13827,14133
58679,42550
13818,14281
13878,14903
63030,33591
13907,14229
13875,14307
13847,13852
14287,13903
14294,13853
13899,14251
13819,13843
14218,13886
14248,13888
13800,14310
13977,14242
13909,14306
sending pilot state: 0
13835,14316
13926,14238
13880,13955
14306,13802
14341,13945
13886,13847
14281,13885
14320,13922
13914,13878
19255,43830
1591,13865
13879,13878
16439,45110
13928,13878
39223,13942
13878,14340
13878,26166
26167,13878
13899,14200
13916,14319
13892,14134
15927,13917
14134,11319
55094,15415
13910,14352
13915,14252
13931,14319
13896,14191
13875,14359
13910,14194
13878,13880
13784,14244
13864,14269
13859,14269
13874,14259
13814,14134
17463,13879
14279,13799
14265,13812
sending pilot state: 1
13853,14303
13956,13915
14134,43831
13916,14232
13908,14343
13899,14295
13855,14246
13848,14266
13878,10294
13910,14390
9015,48438
13877,63031
50998,8504
13940,14265
13885,14236
13921,14253
13806,14207
13819,14287
13874,14224
13857,14318
13853,14226
13929,14305
13915,14134
6199,47670
11063,57910
13864,14134
7990,24374
13963,14308
13935,14184
13873,14289
13843,14134
13920,14252
13863,13819
14287,13858
13862,14321
13878,13853
14226,13935
14134,16951
sending pilot state: 0
44598,36663
64566,13876
13856,14134
13806,14134
13830,14218
13622,13935
13922,14134
12599,53558
37687,43318
13864,14279
13966,14297
13806,14330
13878,13879
13883,14270
13857,14134
16951,44598
35383,64310
13858,14269
13843,14374
13904,14254
13883,14286
13785,14240
13842,14284
13889,14224
13859,14316
13888,14253
13864,14263
13961,14134
3895,58678
55,42805
13852,14247
13881,14274
13935,14310
13935,14284
13952,14254
13841,13883
14286,13867
14297,13917
13866,14259
sending pilot state: 1
13878,9015
60470,13622
16439,44341
60983,36918
13891,13824
14247,13931
14297,13916
13878,14647
13870,14390
28471,13878
28471,52278
13942,14276
13887,14280
13897,13917
14239,13845
13847,14298
13878,13623
52022,19511
42038,11575
48438,9015
13842,14348
13830,13916
13878,13898
13905,14390
13890,14318
13873,14317
13857,14274
13854,14390
16183,51254
13915,14271
13925,14278
13905,14134
18743,54070
23352,13940
13902,14390
13852,13842
13926,14267
13956,14134
sending pilot state: 0
14135,13897
14352,13819
13930,14273
13939,14238
13820,14303
13815,13913
14134,19768
13797,14298
13844,14251
13822,14301
13878,29751
13878,20024
13899,14134
7224,822
28727,30774
13838,14308
13841,14325
13909,14134
13887,14328
13850,14133
13941,14204
13852,14262
13810,14324
13842,14232
13841,13822
13950,14220
13898,14310
13834,14309
13884,14327
13752,14259
13943,14331
13867,14390
13924,14308
13847,14134
16183,63542
5943,47926
20278,15415
13974,14251
sending pilot state: 1
13888,14134
13924,14310
13894,14270
13866,14289
13897,14299
13883,14134
13877,47159
13836,14270
13844,14134
11064,3638
7223,13913
14291,13885
14257,13831
13870,13884
13878,38455
13903,14255
13826,13878
13878,17975
48694,13866
13956,14268
13935,14226
13888,14294
13937,13878
13843,14134
13855,13878
13912,14264
13878,15671
13872,14328
13878,11831
48182,9015
49974,26679
13862,13826
13864,14284
13901,14134
7478,8247
46133,55095
50230,11319
53046,4151
sending pilot state: 0
53302,8247
62518,15415
45622,15415
13878,30007
37686,19766
13898,14134
7223,13902
14390,7991
43574,13862
13823,14238
13921,13901
13899,14364
13811,14283
13885,14134
13909,14332
13926,14346
13920,14213
13880,14315
13832,14276
13865,14311
13878,14354
13848,14298
13878,7991
13908,14279
13899,14283
13915,13921
13878,13899
14364,13928
14204,13925
13968,14245
13860,14200
13948,14314
13876,14286
13887,14236
13878,10550
10551,59190
13843,14276
13802,14257
sending pilot state: 1
13851,14259
13882,14270
13878,23350
23352,6454
11575,45366
19767,13892
14303,14003
14263,13908
14326,13878
13902,14228
13878,13887
13855,14265
13878,18231
49973,64823
59702,20533
59959,45366
13860,14307
13928,14237
13928,14296
13891,14288
13762,14134
17463,57142
15159,59957
13878,1335
47158,21303
13909,13890
13852,14292
13878,16439
39734,5431
59958,15927
13880,14298
13912,14356
13853,13928
13912,14213
13925,14293
13885,13762
13901,14335
13838,14199
sending pilot state: 0
13859,14193
13851,14134
21303,50229
57912,2101
13932,14304
13926,13845
14134,13886
13878,14314
13862,14134
13878,7480
13878,22583
34102,18487
55862,28727
13902,14294
13898,14235
13890,14247
13878,6967
13856,14133
57912,2102
13906,14354
13823,14134
26167,13917
13924,14290
13858,14232
13878,19255
46390,13844
13869,14347
13870,14224
13931,14208
13819,14265
13803,13890
14247,13961
14349,13831
13906,14256
13927,14236
13869,14317
13902,14134
23863,35893
13892,14268
sending pilot state: 1
13904,14134
13917,13907
14294,13878
11576,2870
13859,14296
13890,13621
13835,14318
13878,35128
13878,13831
13878,13906
13879,14290
13916,14287
13849,14327
13856,14389
13841,14221
13787,14134
13913,14300
13920,14308
13934,14315
13968,14294
13886,14257
13956,13835
13852,14320
13878,9015
55862,12599
47926,34615
13918,14134
23607,53045
59191,13890
13954,13841
13877,56119
44598,18487
13843,14301
13878,28215
60214,13878
36919,54838
4663,35126
16439,13848
sending pilot state: 0
13923,14279
13901,14324
13871,14242
13878,13878
13856,14286
13878,16951
13862,14341
13871,14332
13989,14387
13878,4918
13878,15158
15159,51509
60215,13862
14134,30775
13907,14313
13905,14265
13878,19767
13843,14272
13887,14205
13878,13856
14286,13878
13750,14245
13819,14246
13878,42296
13920,14335
13884,14307
13890,14310
13856,14261
13863,13944
13820,14134
13878,20791
13808,14301
13956,13843
13906,14297
13959,14290
13923,14397
13844,14252
13948,14133
sending pilot state: 1
13940,14243
13878,24631
13898,14281
13878,16951
58934,19511
48694,2615
46902,2103
56374,8503
63286,13808
14301,13878
13879,14255
13862,14337
13887,14214
13834,14269
13869,13948
14240,13961
14134,5175
56886,14903
60214,14391
13882,14307
13878,2615
46901,13832
14300,13917
14247,13919
14261,13868
14344,13886
14271,13878
9782,15159
52278,20534
13784,14211
13914,14334
13878,5175
13938,14314
13877,14297
13891,14392
13806,14274
13872,14133
63287,62518
sending pilot state: 0
13947,14389
13897,14306
13886,14340
13895,14180
13878,15159
52278,27192
566,22583
54326,23351
63798,16695
48950,12599
13848,14335
13905,14331
13878,14244
13915,14390
12343,60982
14391,59190
23351,53558
13844,14316
13864,14134
18231,25654
15927,50486
16439,50486
4918,24119
54838,13889
14271,13880
13949,14253
13840,14218
13872,14250
13837,14283
13884,14310
13863,14274
13893,14287
13878,5175
60470,13864
13878,15927
50486,9527
13833,14350
13890,13918
sending pilot state: 1
14294,13906
13878,14391
13932,14272
13951,14327
13941,14321
13830,13837
13961,13884
13878,10039
49718,13893
13941,14267
13851,14357
13911,14271
13903,14265
13889,13878
2360,3638
13857,13878
21046,13967
13848,14288
13878,32567
63286,13941
14321,13865
13850,13961
14302,13879
13893,14360
13840,14358
13878,14390
6968,5430
13869,14255
13858,14134
13859,14334
13825,13857
13885,14248
13891,14297
13889,14320
13909,14238
13878,10551
13885,14134
13845,14353
sending pilot state: 0
13899,13893
14360,13884
14284,13890
14273,13895
13806,13869
14255,13904
14289,13942
14247,13866
13916,14308
13929,14272
13868,14306
13922,13909
13880,14325
13903,14134
15671,53558
13813,14134
19255,55606
14903,46646
12088,309
63543,40246
27447,32566
16183,54582
13830,14302
13879,14269
13825,14134
26935,49206
22839,38965
13878,14391
62774,11319
63542,14646
35127,63030
48184,13847
13947,14303
13909,13816
14237,13899
14254,13885
14300,13865
13829,13830
sending pilot state: 1
14302,13850
14303,13859
13894,14320
13849,14278
13913,14281
13849,14239
13945,14134
14647,53046
8759,64054
13922,14303
13855,13909
14368,13878
19254,13885
13878,10551
13893,14304
13916,14284
13878,9014
13879,14264
13856,14308
13842,14225
13878,14257
13816,14242
13878,8759
64054,13933
14300,13913
14398,13868
14275,13866
14134,13878
13874,14191
13871,14332
13885,14306
13898,14351
13877,14229
13878,8247
58421,54327
42038,3382
13879,45366
18744,2614
sending pilot state: 0
38711,61238
24887,13876
14273,13931
13915,14377
13848,14370
13871,14250
13891,14189
13935,14313
13930,13898
14351,13878
13623,38198
13888,14133
13853,14212
13926,14280
13928,14279
13911,14242
13881,14134
13367,49462
13875,14347
13826,14314
13868,14253
13855,14296
13786,13878
28470,6710
27190,23351
13896,13879
14320,13948
13864,14319
13878,26167
13839,14318
13902,14306
13907,14134
14646,2359
13828,14303
13892,14134
567,59958
13940,13855
14296,13848
14318,13901
sending pilot state: 1
13857,14334
13879,14364
13834,14292
13796,14316
13864,14272
13924,14299
13878,13902
13841,14337
13869,14134
13943,14222
13870,14202
13859,14326
13847,14291
13797,13848
14318,13987
13893,14262
13845,14305
13857,14279
13879,14240
13894,14338
13906,14320
13830,14352
13943,14275
13924,14134
11575,13936
14335,13913
14222,13921
13898,14277
13957,14226
13921,14274
13878,17719
46646,29496
2102,14390
13865,13879
13879,13894
14338,13961
13962,14271
13927,13943
sending pilot state: 0
14134,3638
25655,50742
26423,48182
11319,64310
13882,14243
13863,14255
13869,13921
13891,14285
13861,14134
13878,13880
13944,14273
13835,14262
13869,14304
13878,35383
13846,14134
26422,5174
3639,13878
26423,48182
30520,13864
14308,13895
14255,13957
14287,13878
13880,14282
13938,14220
13898,14224
13875,14360
13914,14313
13870,14229
13826,14234
13904,14274
13878,5175
13862,14353
13918,13943
13865,13878
10295,58422
10038,13878
13937,14377
13949,13880
sending pilot state: 1
14282,13822
13894,14134
18998,6455
40502,9015
54326,11062
13886,13826
14234,13808
14263,13949
14315,13903
14294,13823
13848,13865
14273,13878
13878,9016
2614,23351
57398,13949
13836,14309
13832,14134
13964,14260
13940,14134
9015,54326
14903,50742
24119,61494
22839,62774
7734,8503
41014,13823
14134,5943
58422,14391
28982,33336
5174,15416
1846,23607
42038,13836
14309,13929
14319,13907
14286,13948
13886,14287
13870,14134
13832,14333
13942,14220
13937,14338
sending pilot state: 0
13878,20535
43830,1591
43574,8760
13842,14270
13834,14265
13920,14316
13941,14346
13896,14230
13969,13878
13809,14276
13954,14345
13846,14285
13904,14356
13947,14134
30263,35894
13901,14328
13878,14357
13897,13858
14371,13878
4662,13878
2615,47414
13894,14206
13884,14134
18487,38454
11063,54582
1847,40502
27448,7478
13842,13904
14356,13864
14352,13828
13864,14286
13933,14266
13878,13897
14314,13841
13874,13878
13895,14270
13878,17975
32309,13884
sending pilot state: 1
13937,14252
13891,14323
13948,13931
13935,13894
14349,13928
14390,21047
13878,1079
52022,8247
13835,14134
13936,13917
13895,14351
13622,12854
13952,13895
13894,14134
8248,309
60472,20022
13848,14230
13881,14266
13920,14192
13878,26680
822,23863
13814,14323
13882,14290
13873,14326
13866,13936
14134,11319
34358,18487
56886,12343
56118,24888
2870,35127
13912,13878
13847,13848
14230,13809
14283,13883
14291,13931
14390,15671
41014,10039
48950,16183
sending pilot state: 0
31286,30519
48438,22071
13622,11319
34358,13896
14302,13820
14290,13899
14311,13887
14218,13895
14313,13889
14369,13970
13831,14344
13870,14308
13890,14308
13917,14320
13878,16183
13889,14232
13938,14134
22071,41526
13907,14233
13873,14236
13912,14227
13890,14312
13883,14313
13876,13889
13922,14329
13905,13878
1846,28726
13893,13890
13902,14338
13832,13888
14316,13904
14253,13888
13879,14339
13950,13878
21303,39222
13862,13878
22583,37685
13903,14237
sending pilot state: 1
13906,14339
13888,14290
13875,14134
13888,14232
13815,14242
13869,14344
13922,13832
14333,13865
13944,14338
13796,14134
13622,32312
566,34871
46646,19512
1334,13811
13948,14308
13878,21048
822,2871
13869,14297
13922,14258
13847,14333
13878,11576
2102,13366
13823,14134
10550,19768
13852,14285
13862,14253
13895,14134
13948,14316
13845,14351
13878,31799
13886,14237
13898,14263
13839,14134
11575,55606
20535,40246
21304,566
11319,64822
13932,14351
sending pilot state: 0
13919,14340
13916,14346
13856,14308
13852,14311
13873,14260
13878,5432
3894,13958
13928,14296
13785,14410
13855,14239
13870,14276
13952,14255
13878,13868
14134,10295
60726,9271
39734,21814
24376,13823
13882,14245
13791,14294
13934,14312
13915,14298
13889,14256
13878,13928
14134,16439
54070,26167
40246,13870
14276,13916
13878,13833
14315,13933
13958,14390
9271,39734
17206,37685
65335,13884
14385,13841
14305,13838
13943,14134
23351,13919
14286,13862
sending pilot state: 1
14368,13897
14134,30519
13878,7991
13878,23606
13877,13969
13918,13878
27959,39478
311,53558
13778,14299
13942,14312
13912,13841
14305,13825
13844,14342
13862,14134
24375,52790
18999,48438
13793,14134
13994,14297
13883,14215
13856,14353
13852,14324
13878,13825
13874,14237
13892,13778
14299,13858
13878,22583
52790,13825
14332,13886
13866,14377
13793,14319
13884,14295
13930,14133
57654,16439
45366,17974
13945,14269
13865,14314
13906,14371
13909,14243
13831,14204
sending pilot state: 0
13879,14134
8759,41270
13951,14206
13968,14401
13924,14344
13985,13793
14319,13824
14305,13878
27191,50742
13872,14292
13946,14379
13899,14390
10551,59958
18743,45110
13878,1847
13864,13879
14191,13998
13920,14390
32567,13873
14313,13878
25656,2102
13810,14328
13882,14134
24375,57654
13921,13872
14292,13801
14372,13878
13827,14272
13858,14301
13842,14400
13789,14311
13893,14309
13913,14291
13903,14299
13856,14288
13929,14257
13898,13810
14328,13888
sending pilot state: 1
14304,13909
14306,13914
14281,13877
59702,4408
6198,33335
13869,14241
13860,14134
4664,16437
59702,24886
13884,13913
13931,14269
13925,14326
13865,14307
13804,14323
13937,14268
13822,13909
14134,21815
57398,25143
64054,26423
14016,14293
13887,14233
13898,14310
13945,14389
13812,14278
13842,14324
13825,14297
13878,25911
63030,27702
10551,58166
13891,13937
14268,13908
13906,14390
21815,13963
14357,13915
13890,14134
49207,54582
5686,27959
52789,60470
sending pilot state: 0
31032,2102
15159,48182
12856,7990
13864,14320
13852,14134
27703,48950
29751,57142
6711,58166
13915,14273
13838,14390
13942,14302
13878,14303
13878,13846
13862,14335
13877,60471
56118,6455
38198,12599
49718,3383
13875,14287
13900,14297
13811,13940
13903,14291
13890,14290
13907,14325
13933,14372
13909,14355
13913,14380
13919,14234
13945,14207
13865,14339
13854,14285
13909,14288
13929,14390
13945,13875
14287,13878
13864,14266
13878,20279
sending pilot state: 1
54070,9271
34102,26679
62774,13933
14372,13881
14359,13848
14298,13622
13941,14355
13867,14317
13878,7735
52534,13909
14288,13880
13815,14289
13876,14241
13901,14298
13877,13835
13894,13860
14213,13853
13911,14265
13912,14313
13894,14288
13848,14225
13884,14291
13909,14243
13952,14256
13930,14286
13861,14279
13847,14133
13917,14134
13367,41270
38711,49462
5943,13824
14332,13869
13872,14134
13902,14301
13913,14294
13833,14320
13899,14134
15415,54070
13888,14134
sending pilot state: 0
32823,45110
18487,53558
27448,13819
13917,14326
13892,14301
13929,14230
13888,14134
13894,14364
13886,14222
13772,14305
13836,14265
13905,14262
13900,14356
13890,14217
13902,14383
13878,18487
53557,60471
13877,64311
54838,35383
13867,14277
13881,14134
26935,38454
13897,14257
13844,14438
13905,14350
13878,3127
47414,5686
20791,46646
13837,14218
13903,14310
13842,14281
13877,60469
60471,64054
13946,14310
13962,14134
13895,14314
13880,13886
13860,14341
sending pilot state: 1
13878,5176
26166,10807
13882,14134
7479,58166
30006,11574
22584,4918
13875,14309
13951,14340
13921,13985
13880,14299
13884,14313
13868,14260
13878,18231
59958,13880
13996,13860
14341,13878
23350,10295
64054,20279
13891,14342
13948,14200
13902,13888
14281,13864
13942,14134
32568,1078
16695,13878
13935,14347
13871,14246
13941,14316
13878,15927
64054,25910
44086,13870
13865,14215
13815,14301
13899,14262
13890,14289
13862,14134
13847,14299
13855,13942
13833,14303
sending pilot state: 0
13878,13961
13878,28472
2870,15159
41781,63543
59446,25398
21303,39734
13878,14225
13878,10550
13856,14380
13838,14283
13878,14297
13911,14251
13878,14345
13837,14304
13894,14317
13832,14390
13877,14304
13883,13878
13874,14321
13878,25400
13110,14647
54838,10039
44598,16696
13865,14346
13900,14313
13864,14311
13969,14280
13905,13878
13842,14324
13923,14367
13908,14357
13892,14370
13930,14316
13887,14275
13878,13898
14316,13814
13943,14292
13853,14264
sending pilot state: 1
13878,10552
2614,10551
58678,16439
45110,1846
37174,3382
13913,13842
13919,13923
14367,13881
14134,13892
14370,13940
13823,13887
14275,13885
13902,14312
13924,14260
13898,14134
13878,22838
13922,14293
13855,14273
13859,14274
13951,14357
13799,14302
13946,13919
13908,14259
13930,14303
13883,14288
13848,14274
13878,15671
59958,11063
44854,12086
13891,14303
13925,14390
13836,13922
14293,13877
13855,14338
13900,14226
13833,14133
59190,13946
14273,13878
sending pilot state: 0
21559,45878
13834,14266
13923,14278
13834,14295
13880,14297
13944,14348
13937,14293
13857,14281
13878,3127
59190,7991
13903,14265
13842,13900
14226,13867
13838,14268
13865,14331
13878,11318
11319,45622
13878,14351
13952,14242
13867,14302
13917,13944
14348,13863
14134,37687
52022,3127
59702,13855
13878,20278
13859,14134
4663,53814
12087,55862
13923,14273
13925,13951
14273,13878
13875,14275
13899,13952
14242,13868
14134,22071
47925,65335
sending pilot state: 1
13806,13878
37687,52022
14647,51254
12855,52278
13621,60215
13896,14398
13794,14134
13835,14134
25399,49462
13886,14241
13937,14183
13815,14134
13953,14292
13915,14294
13877,65335
58422,14136
13829,14298
13878,12855
52277,55607
13907,14373
13936,14283
13963,14324
13931,14308
13913,14332
13878,15927
13881,14265
13912,14133
13939,13953
13842,14134
23351,13878
31288,5942
13870,14329
13876,14134
13856,13785
13928,14284
13841,14319
13870,14363
13831,14259
13839,14317
sending pilot state: 0
13878,19767
53558,7734
13878,22583
49206,13939
13930,14353
13944,14313
13895,14134
13917,14320
13887,13876
14252,13861
14274,13882
13878,4406
13973,13870
14390,10806
1846,46391
55862,25655
13857,14347
13952,14263
13867,14282
13843,14351
13907,14269
13833,14252
13856,13917
13898,14258
14000,13861
13835,14273
13907,13857
14325,13908
13871,14362
13877,14282
13934,14134
25655,54582
17206,15415
13888,14269
13894,14369
13953,14134
13806,14327
13973,14274
sending pilot state: 1
13899,14330
13935,14281
13878,2871
49462,10552
10038,23863
64054,37431
42294,27703
13931,14237
13910,14311
13913,14299
13878,16439
13886,14355
13906,13953
13899,14316
13858,14316
13878,13899
14330,13884
13873,14279
13898,14353
13875,13917
13905,14268
13867,14134
27703,62006
13878,22071
59189,13913
13811,14316
13892,14360
13923,14319
13922,14289
13878,8759
13878,30008
13956,14315
13893,13873
13928,14284
13889,14307
13914,14309
13878,11063
63798,16439
sending pilot state: 0
58934,11063
13877,56885
56887,57142
13878,17464
13895,14310
13878,25143
53557,64567
13930,14390
16951,31542
13967,14134
17719,63542
22327,36406
13806,14287
13822,14324
13878,16439
13801,14274
13876,14134
31800,54
13805,13878
14330,13846
14350,13858
13867,14133
64566,30774
13905,14301
13846,13967
14248,13878
22327,36406
23863,52278
13868,14268
13934,13900
13889,13801
14274,13878
13900,14302
13823,14283
13902,14270
13881,13858
14134,22328
13878,30775
38198,21047
sending pilot state: 1
44086,25142
13878,17462
17464,821
55095,51510
42039,63286
9527,58678
8247,13974
14134,10551
13877,14405
13878,14133
13878,20023
13889,14304
13859,13911
13875,14336
13888,14300
13888,14311
13903,14277
13834,14284
13857,14275
13903,14282
13878,8247
13896,14134
13852,14320
13846,14338
13841,14353
13900,14278
13855,14264
13941,14266
13847,13875
14336,13875
14257,13874
13897,14259
13850,14315
13969,14295
13926,14190
13866,14297
13854,14319
13852,13852
sending pilot state: 0
14320,13889
14323,13878
13911,14335
13909,13855
13855,14291
13887,14225
13846,14258
13878,12855
13919,14134
18743,45878
2359,46646
13883,14311
13913,14314
13865,14134
7735,61238
34871,51510
13870,14277
13892,14371
13935,14284
13883,14277
13829,14305
13935,14291
13900,14307
13878,24375
13878,14305
13878,19511
13854,14213
13829,14304
13894,14266
13984,14332
13878,23607
13924,14288
13851,14332
13893,13935
13882,14286
13878,1335
13896,13935
14134,24887
sending pilot state: 1
13897,14236
13924,14231
13878,50743
13854,13854
14213,13919
14297,13881
14281,13850
13878,23351
55862,13924
13843,13851
14134,4920
13887,14272
13887,14293
13894,14297
13878,24887
34614,24887
13881,13924
14231,13861
14239,13925
14294,13905
13897,13881
14281,13879
14294,13888
13927,14322
13900,14345
13878,13843
14345,13873
14306,13887
13923,14332
13812,14320
13897,14286
13891,14291
13941,14310
13916,13925
14294,13961
14283,13823
13878,14135
54838,20791
sending pilot state: 0
41526,13878
26423,62005
13899,14134
13880,14295
13914,14373
13941,14316
13927,14240
13931,14365
13903,14325
14019,14272
13830,13916
14219,13872
14352,13894
13909,14255
13848,14390
13877,13884
13918,14247
13869,14256
13887,14134
13878,23094
23096,13878
13921,14303
13824,13931
14365,13851
13897,14205
13848,14299
13903,14319
13912,14256
13952,14312
13937,14390
6200,3638
21560,15158
13846,14312
13864,14292
13878,13931
14134,16695
59190,55
13893,14304
sending pilot state: 1
13793,14392
13864,14237
13908,14134
13857,14291
13878,22583
13934,14390
13920,14134
28984,8502
13878,9271
46390,15414
5687,59446
28727,60470
17206,30007
13888,14273
13887,14351
13925,14341
13900,14305
13936,14290
13864,14370
13899,14338
13796,13934
13830,14288
13934,14194
13837,14421
13902,14337
13878,28727
13929,14227
13881,13941
14326,13910
14295,13866
13859,14134
13921,14337
13878,28727
53814,25655
60214,13899
14390,25656
10550,8503
60982,21815
61750,28471
sending pilot state: 0
46390,5430
13837,14330
13885,13929
14227,13935
13819,13910
13925,14298
13908,14315
13949,14379
13860,14308
13928,14348
13863,14339
13828,13924
14389,62774
13873,14309
13904,14298
13883,13845
13913,14398
13878,13885
14134,18998
28471,63542
20023,40758
8760,822
13919,14345
13878,9271
13849,14134
26680,13865
13878,1078
1079,47158
5431,48950
13878,20535
55862,10551
13880,14189
13871,14282
13878,18999
42806,13902
14239,13878
13952,14361
13836,14280
sending pilot state: 1
13883,14349
13953,14291
13874,14263
13848,14365
13900,14372
13902,14327
13927,14134
19767,63030
13907,14364
13922,13871
13878,7735
13955,14376
13898,14263
13931,14299
13883,14314
13882,13883
13966,14320
13847,14265
13901,13848
14365,13905
14314,13898
14286,13923
14337,13911
13878,21304
7222,14391
61237,13911
13892,14312
13932,14291
13915,14246
13923,14335
13794,14367
13884,14345
13747,13847
14265,13876
14313,13918
13878,13898
13878,13923
14337,13813
sending pilot state: 0
14301,13905
13967,13880
14319,13866
14343,13971
14363,13859
14375,13952
13856,14311
13875,14325
13878,15416
13887,14386
13873,14291
13864,14328
13877,14346
13878,18744
13885,14133
62774,13905
14304,13872
13875,14134
13903,13971
14363,13913
14390,17463
56630,13856
13897,14328
13860,14204
13869,14247
13792,13873
13808,14340
13819,14227
13819,14344
13968,14280
13904,14267
13932,13872
14134,16182
13110,13903
14351,13885
13895,14325
13820,14134
28471,50998
sending pilot state: 1
15672,822
20023,42293
50743,50486
5687,59958
36152,3126
13874,14330
13922,14205
13878,20535
13861,14390
27704,13784
14336,13622
13832,14343
13878,18231
62773,13820
14297,13859
14134,9527
13877,50743
11052,14329
8454,14390
36152,3098
5325,13398
4521,12271
4157,11852
3881,11318
3576,10628
3229,9766
2900,8758
2104,1805
5062,11381
4234,8665
2967,6522
1694,4259
811,11319
1122,8454
14375,1021
962,2836
911,2601
780,2550
sending pilot state: 0
716,2565
694,2704
687,2765
671,2900
630,3473
677,2477
763,2558
779,38667
789,2526
758,2474
728,2435
737,2307
64779,43522
60674,911
2601,745
751,2558
757,2564
754,2574
763,2575
763,2586
790,2579
802,2573
811,809
2571,771
5379,7178
515,5122
778,2559
770,60681
775,2546
773,2545
770,751
2307,265
61443,1033
64771,2570
3075,2826
5123,790
783,2598
786,2600
sending pilot state: 1
787,2563
785,2596
783,788
2563,4355
2569,65283
4355,775
2546,788
2623,790
789,2563
789,2563
790,2630
799,2646
801,771
3338,7171
809,2681
771,4874
11779,13066
34051,14346
35843,785
2602,835
771,4618
858,2741
863,2756
771,5386
17667,26122
52995,27651
5642,17923
28682,51203
27402,43267
24835,809
2681,832
2609,771
13066,34051
8201,64515
792,2535
783,2529
781,2516
