Starting up...
Bluetooth Sample Recieve ('hcitool dev' in terminal returns the bluetooth address of this device)
Registering data store callback...
Registering WebSocket callback...
Starting DB thread...Server listening on Reading from datasource. 
8080
13857,22405
13939,14306
13827,14214
13877,14080
13848,14283
13869,14080
13818,14250
13824,0
54,13111
47158,5175
13824,0
13934,14234
13824,0
13842,14200
13868,14255
13954,22405
13852,13939
13776,14252
13954,14205
13891,14176
13954,14148
13945,14133
64055,43574
22071,37685
46647,24117
62263,13879
14208,13833
14134,11575
25398,19255
31542,22071
13904,14160
13822,14233
13886,14232
13781,14277
13939,14322
13832,14209
13912,13945
sending pilot state: 0
13889,14134
13930,13750
13825,13811
14134,28214
14135,32821
13806,14217
13878,19255
31542,18230
22071,14902
13845,14195
13875,14134
15927,38966
28471,55094
14903,20278
3638,11575
50998,11063
53302,5943
25910,16439
13818,14239
13888,14242
13877,60983
35126,32823
13831,14134
18231,35382
6967,53046
13832,13875
13881,14170
13872,14205
13868,14194
13877,14127
13881,14186
13847,14213
13783,14192
13877,64055
13868,13888
13883,14203
13886,14260
13895,14134
sending pilot state: 1
13867,14313
13859,14240
13805,14134
2102,17207
28213,62519
38966,11063
52278,4407
13906,14203
13878,5943
34102,11063
13836,14214
13859,13878
11318,6199
22326,55
13891,14250
13878,11063
59701,58935
50486,3125
13865,14175
13922,14213
13855,14134
11063,52278
2103,54326
21559,40246
13878,11063
37686,13836
13856,14179
13920,14190
13878,55
44598,13891
13942,14134
13877,14190
13867,14262
13622,10551
13874,14229
13882,14277
13947,14249
13878,13908
14134,12599
sending pilot state: 0
55093,64823
13836,14232
13878,13878
13926,14269
13806,14190
13891,14202
13868,14206
13803,13877
13885,14274
13853,14238
13875,14203
13847,14303
13816,14274
13838,14187
13857,14149
13813,14181
13890,14219
13907,14179
13810,14222
13823,14232
13864,14134
13901,13868
13798,14201
13846,14265
13898,14249
13854,14218
13911,14167
13860,14288
13875,13838
14187,13912
14275,13853
13889,14167
13872,14277
13818,13621
13874,14208
13806,14134
13833,14274
13865,14239
sending pilot state: 1
13835,14217
13893,14227
13786,14246
13764,13911
13850,14215
13892,14249
13885,14206
13864,14134
13842,14190
13855,14241
13829,14213
13834,14291
13931,14269
13850,13833
14274,13622
10551,40758
13881,14190
13795,14133
13852,14211
13882,14207
13878,13892
13821,13885
14206,13879
13888,14245
13843,13855
13896,14223
13878,2615
13852,14134
13813,14215
13914,14133
13897,14259
13851,14224
13828,14237
13905,14229
13962,14350
13782,13902
13825,14133
64823,52790
sending pilot state: 0
13878,16439
42293,53559
13830,14287
13880,14238
13841,13852
13834,14203
13785,14184
13907,14111
13835,14134
6967,36918
13833,14255
13892,14134
13877,13782
14200,13888
14173,13810
14261,13850
14187,13877
13858,13830
13878,14391
13824,14237
13840,14253
13928,14223
13891,13907
14111,13826
13801,14229
13828,14294
13878,17463
59958,15159
36662,16183
38198,5687
13878,6710
6711,27446
8503,41270
4663,41013
13868,14228
13905,14175
13817,14187
13853,14211
sending pilot state: 1
13858,14201
13886,14133
59702,55
34614,8247
13878,15158
13920,14201
13889,14181
13873,13883
13896,14251
13874,14134
13826,14238
13862,14296
13805,14241
13877,14310
13878,7479
13830,14213
13859,14253
13816,14254
13920,14196
13850,14191
13842,14182
13925,14274
13909,14247
13878,18487
43830,30774
13805,14251
13796,14234
13895,14133
60726,10551
24118,6710
13867,14134
1591,34102
13812,13816
14134,9015
56630,14391
30774,14391
39222,7991
35894,5943
sending pilot state: 0
13859,14204
13878,30775
13877,60727
43830,13367
13908,14211
13902,14123
13877,13850
14139,13819
14122,13910
14261,13872
14134,19767
53046,13880
14200,13878
14391,13868
14243,13878
13878,14134
13836,14270
13828,14182
13861,14134
13367,13880
14231,13913
14133,13878
13944,14276
13901,13910
13814,14262
13883,14214
13622,3639
13622,22071
13880,14299
13815,14207
13940,14225
13843,14226
13840,14279
13907,13861
13871,14188
13820,14134
22839,42038
6199,54838
sending pilot state: 1
8503,38454
13877,63031
46645,64823
13913,13793
14291,13885
13894,14134
14391,56118
13795,14262
13878,4919
37429,63031
43830,24119
13898,13871
13807,14289
13961,14184
13844,14240
13895,14240
13885,14210
13821,14246
13840,14185
13896,14132
13823,14271
13843,14134
13871,14180
13845,14254
13843,14191
13879,14134
13870,14134
18999,37173
13878,35126
35127,13883
13925,14254
13826,14272
13796,14264
13858,14166
13910,14205
13821,14196
13903,13843
14210,13856
13864,14298
sending pilot state: 0
13878,4919
13846,13879
13889,14242
13835,14244
13901,14156
13878,15159
22582,13925
14254,13834
14201,13923
13886,13858
14166,13844
14227,13877
64823,29750
8503,13878
8247,27958
13909,14227
13952,14222
13893,13889
14242,13806
14189,13834
13921,14155
13851,14185
13878,2615
31030,12855
13906,14235
13883,14192
13622,16695
13769,14186
13822,14195
13878,3127
13622,21815
37686,8759
30262,17975
41014,13367
13905,14234
13855,14202
13921,13851
14185,13925
sending pilot state: 1
14284,13813
14303,13935
13848,14259
13865,14181
13877,51511
27189,47159
35638,13871
14257,13845
14225,13848
14223,13878
17975,41014
1333,60214
20791,13878
7991,31286
15415,44342
26423,20277
58935,32054
13851,14217
13876,14134
13893,14246
13877,47157
13821,14227
13834,13845
14225,13772
14310,13846
14179,13845
14240,13908
14271,13845
14248,13622
15415,44342
13877,58935
13896,13876
14285,13831
13794,14199
13876,14246
13908,14175
13853,13821
14227,13863
sending pilot state: 0
13835,13772
13792,14224
13816,14237
13787,14164
13878,5431
43061,62517
13856,14314
13940,14238
13895,13896
13816,14197
13882,14248
13912,14187
13785,14134
21559,24374
17463,46901
57655,37942
15927,52277
13853,14133
13877,56119
21558,21303
28726,10807
45110,13878
8247,59958
14646,27447
34614,13816
14197,13824
14198,13844
14134,21303
13819,14279
13621,57655
37942,3894
13621,41015
22326,34615
13933,14223
13871,14259
13894,14246
13863,14129
sending pilot state: 1
13834,14222
13842,14326
13873,14213
13862,14134
55,30262
10295,42805
59191,38197
13848,13813
14221,13895
14187,13877
13865,14227
13840,14200
13797,14244
13910,14176
13830,14279
13805,14134
13824,14244
13853,14259
13843,14163
13804,13864
14134,13799
14229,13877
13885,13878
6199,35637
13907,14266
13861,14117
13817,14215
13881,14242
13824,14202
14001,14228
13825,14197
13816,13824
14134,31543
40758,1335
13828,14261
13878,22838
22839,45366
15415,27190
25143,54070
sending pilot state: 0
13879,14249
13849,13878
13844,13817
13849,14226
13878,55
13824,14134
13878,311
13861,14200
13824,13947
13827,14290
13622,13828
14261,13803
13825,14134
15414,16951
13960,13871
14214,13944
14241,13852
13902,14134
13857,13849
14226,13893
13859,14254
13814,14260
13899,14281
13885,14134
55,13878
823,53814
11831,23605
58679,41525
13917,14229
13842,14239
13865,14209
13873,14282
13828,14217
13949,14275
13878,17719
17718,12343
25654,9015
13882,14235
sending pilot state: 1
13785,14208
13622,10807
13898,14307
13877,58677
58679,41525
13855,14203
13868,14087
13870,14286
13842,13873
14282,13899
14134,13623
46901,60727
13946,14174
13800,14225
13845,14237
13876,14271
13810,13621
64055,13854
13854,14134
4407,13825
14114,13849
14133,52023
40502,13623
34358,10807
13622,19254
19255,24886
9271,46646
10807,28982
13842,14255
13838,13845
14237,13948
14211,13943
14234,13873
14209,13918
14238,13792
13817,14249
13861,14162
13878,13623
13891,14257
sending pilot state: 0
13755,14176
13622,9271
13912,14134
13835,13929
14134,4919
13877,14195
13864,14193
13905,14134
30519,39478
6199,13900
13867,14133
13823,14133
63799,43317
13872,14271
13878,17206
17207,45366
23862,13797
13787,14236
13793,14189
13951,14134
13862,14254
13779,14217
13864,14286
13878,13848
14183,13924
13884,14220
13868,14154
13863,13804
13829,14256
13878,13880
14158,13831
14216,13842
13621,56117
13883,13793
14189,13878
32567,45877
62519,52022
sending pilot state: 1
21815,28726
1591,13852
14191,13917
14179,13839
14193,13915
14206,13819
14167,13868
14231,13912
13945,14134
1847,34870
13944,14284
13794,14203
13762,14306
13899,14183
13816,14164
13841,14202
13883,14248
13906,14134
13871,14211
13813,14176
13904,13621
13841,14285
13816,14134
22583,13878
31031,39989
61495,45878
55,43318
9527,30774
13759,14134
13859,14180
13872,14390
13947,13883
14248,13928
14198,13878
12087,33590
12855,47158
25143,27702
567,24886
20791,46390
sending pilot state: 0
1335,44598
7479,19254
6710,13861
14200,13800
13877,48951
13879,14259
13842,14258
13899,14176
13875,14220
13817,13862
13878,12855
13878,25142
25143,27701
54327,13876
13811,14249
13812,14268
13813,13850
13889,13899
13845,14209
13838,14223
13878,14135
45878,13878
4663,13839
14179,13913
13927,14178
13803,14207
13895,14134
1335,39478
5175,43318
13367,49462
5431,27958
13874,14163
13894,14134
16695,29750
3383,23350
13622,13878
8759,52790
sending pilot state: 1
13951,14259
13920,14288
13878,26423
25142,10295
40246,55
39734,3127
13878,13367
13878,5431
27958,20279
13879,14186
13788,14134
13867,14134
3382,10807
28726,16439
43830,13830
14197,13887
14134,10551
13861,13924
14196,13885
14171,13922
13900,14194
13869,14251
13622,28471
31286,9270
13907,14155
13834,14133
56375,28213
62774,1079
44086,22327
13958,14134
13791,13887
14234,13878
10549,63798
13885,14318
13953,14134
25144,3382
17462,13111
55606,13811
13808,14230
sending pilot state: 0
13819,14199
13899,14198
13871,14213
13858,13828
14252,13851
13823,14193
13820,14133
57142,6199
13850,13817
14188,13940
14194,13917
14176,13868
13803,14231
13861,14233
13877,61495
38454,2103
13823,14269
13776,14221
13878,8759
30261,62007
13877,65333
13850,14193
13878,6198
6198,4151
13931,14270
13875,14189
13939,14134
13877,13803
13750,14184
13781,14308
13622,2103
45622,3639
45110,11575
25654,13878
13897,14194
13878,14903
46902,10807
50998,3383
sending pilot state: 1
13878,4151
42294,311
13808,14186
13849,14209
13878,7991
20790,13750
14184,13835
13832,14304
13878,3639
45110,13879
13875,14230
13832,14192
13791,14224
13767,14264
13880,14213
13915,13832
14242,13831
13875,14192
13920,14140
13871,14134
5687,24630
11831,29237
13838,14239
13880,14134
4919,34870
13844,14192
13888,14210
13892,14213
13902,14143
13808,14177
13849,14212
13843,14263
13883,14168
13903,14199
13805,14134
12087,28982
13891,14226
13849,14271
13822,13880
sending pilot state: 0
14234,13800
14282,13878
5175,13826
14228,13928
13862,14259
13877,61495
13864,14138
13893,14162
13822,14263
13844,14223
13841,14133
13878,11831
13896,14200
13840,14224
13878,14170
13821,14176
13821,14190
13937,13826
14228,13849
13836,14134
9781,56119
30262,19511
18742,25399
47926,16951
13878,13878
5175,36662
13623,50486
13622,18487
13903,14248
13854,14134
13835,14203
13884,14175
13858,14201
13905,14262
13940,14197
13864,14182
13867,14244
13877,14178
sending pilot state: 1
13843,14200
13872,14180
13900,14218
13826,14191
13779,14133
57655,39734
20535,33077
54839,48181
55862,10039
13918,14151
13862,13905
14262,13816
13887,13864
13803,14208
13806,14134
13796,14291
13826,14220
13878,19510
19509,58679
13894,14200
13878,20535
13836,14179
13845,14295
13834,14221
13834,14272
13799,13862
14276,13787
14203,13876
14297,13877
60215,32822
5943,29494
25655,47414
13838,14134
16183,13839
14159,13866
14225,13906
14127,13878
13860,14261
sending pilot state: 0
13919,14153
13834,14238
13805,14177
13841,14222
13840,14272
13847,14211
13878,5943
13899,14180
13878,13890
13882,14134
13912,14207
13851,14134
10807,37174
13924,14223
13744,14134
13784,14172
13878,2615
13853,14189
13919,14209
13868,14134
4151,13819
14214,13808
13855,14198
13799,14258
13878,14903
36150,13912
13860,14237
13821,13877
13878,25655
13868,14189
13921,14254
13878,13878
13860,14108
13870,14193
13846,14227
13891,14138
13805,14133
61495,45110
sending pilot state: 1
3639,33334
13850,14134
13805,14268
13878,9271
40246,3127
13908,14320
13810,13868
13850,14134
13873,14155
13862,14166
13859,14160
13878,5687
13878,17207
14902,13805
14173,13878
13909,14216
13878,6710
6711,50486
5943,13865
14177,13914
14171,13857
14154,13877
13865,14188
13862,14167
13908,14263
13833,14210
13913,14254
13885,14134
10039,39222
30775,13885
13894,14272
13870,14244
13904,14272
13811,13865
13860,14291
13821,14256
13841,14134
13878,10551
sending pilot state: 0
27702,22327
34613,51511
13925,14134
13910,14228
13883,14134
15671,21046
20023,32053
13913,13894
13930,14224
13927,14227
13895,14210
13849,14248
13720,13821
14256,13878
4407,46902
15414,25143
19766,10551
47670,13925
14208,13871
14202,13847
14175,13878
13879,14233
13900,14196
13881,14134
13858,14234
13812,14185
13769,13849
13924,14133
38967,13812
14134,3895
13885,14207
13893,14186
13879,13914
14120,13843
14221,13963
14216,13915
14256,13853
14260,13878
sending pilot state: 1
13889,14278
13873,14234
13876,14203
13877,51511
13878,25655
61750,26423
43061,53047
16950,13885
14207,13847
13820,14205
13851,14245
13771,14265
13849,14228
13888,14245
13878,14174
13858,13889
14278,13878
12598,23862
13366,17463
43318,12087
13869,14310
13818,14150
13902,13833
13845,14183
13621,64565
64567,32054
21815,33845
13878,6455
13891,13888
13875,14247
13878,8758
13890,14196
13837,14204
13972,14269
13847,14303
13889,14190
13795,14245
13867,14191
sending pilot state: 0
13871,14208
13858,14289
13840,14199
13888,14221
13858,14189
13622,13891
13886,14236
13903,14158
13815,14134
13880,13837
14204,13882
14182,13868
13791,14230
13877,58167
42294,9015
43062,10295
19510,4151
52277,62775
44342,3895
17974,15415
20278,4663
13854,14254
13879,14243
13877,13815
14145,13917
14143,13886
14133,61495
13890,14174
13840,13864
14123,13875
14209,13855
13832,13840
13835,14133
62775,44342
13908,14294
13844,14202
13878,7735
13878,14135
41782,3383
sending pilot state: 1
42038,13878
13783,14309
13884,13621
13817,14134
13622,4151
26933,62263
42806,13879
26934,13832
13622,2871
11830,12855
30518,15927
17206,27959
41526,26167
42806,36151
13837,14171
13898,14229
13940,13783
14309,13869
14209,13830
14180,13890
14208,13828
13829,14122
13887,14180
13828,13811
13887,14196
13868,14159
13820,14232
13878,26167
42806,25655
23861,62263
34358,12598
13802,14134
29751,37174
31799,38965
13622,16951
13835,14265
13955,14255
13918,14134
sending pilot state: 0
16183,25654
5175,34358
6199,35382
25143,38710
30774,18487
13861,13924
13812,14217
13859,14254
13858,14170
13949,14245
13808,13817
13826,14219
13802,14243
13925,14134
33591,44854
24375,49718
22583,19254
19511,43829
63030,22583
19254,15158
13891,14249
13879,14168
13849,14277
13878,8759
13877,14193
13871,14181
13878,13878
13881,14135
13827,14134
13837,14134
13813,14284
13913,14285
13803,14260
13860,14130
13848,14298
13776,14118
13920,13878
14135,22582
sending pilot state: 1
13889,14137
13765,14261
13899,14134
12087,13856
13969,14186
13845,14121
13885,14203
13864,14263
13878,22839
52534,2359
33846,24375
13849,14170
13832,13776
14118,13842
13874,14288
13839,14189
13877,13765
13882,14192
13851,14229
13853,14228
13854,14203
13851,14195
13785,14263
13813,14269
13858,14199
13847,14245
13847,14232
13826,14242
13846,14175
13924,14207
13783,14276
13841,14198
13855,14199
13894,14237
13878,7479
37942,19511
13832,14228
13822,14180
sending pilot state: 0
13851,14153
13904,13858
14199,13914
14134,14135
13878,567
13789,14215
13822,14283
13801,14235
13812,14182
13952,14134
13878,17975
13941,14240
13867,14287
13622,13832
14228,13931
14269,13856
13843,14324
13905,14134
23095,30261
13776,13827
13890,14170
13855,14280
13831,14251
13879,14158
13860,14219
13780,14196
13872,14208
13834,14178
13621,64311
20534,3127
13838,14134
8247,13844
14134,13905
14226,13918
14208,13862
14169,13622
16951,23094
10039,31798
sending pilot state: 1
25399,44854
27191,51766
9015,24630
13835,14230
13942,14252
13871,14312
13801,14288
13879,14205
13844,13844
13871,14197
13929,14221
13858,14134
13812,14228
13856,14184
13802,14221
13878,27191
51766,12087
13878,11062
11063,37942
13864,13942
14252,13920
14201,13795
13880,13879
14205,13821
14200,13622
12087,30005
13886,13858
14242,13918
14271,13869
14212,13922
14142,13878
46647,58421
13851,14134
6711,32565
63799,45110
13881,14183
13859,14265
13878,14391
sending pilot state: 0
13782,14133
13989,14177
13820,14213
13878,15926
13783,14241
13918,14134
11575,33846
14903,34614
19255,32821
13839,14188
13869,14266
13840,14134
10807,35893
62262,2871
13903,14134
24887,13824
14133,64055
46134,14901
64567,34102
13890,14237
13843,14253
13878,14903
13878,19254
19255,32822
13912,14206
13831,14221
13947,14219
13882,14143
13896,14256
13861,14220
13943,14159
13864,14231
13831,14134
14903,13878
2870,4151
13833,14143
13837,14134
13825,13861
14207,13872
sending pilot state: 1
13831,14229
13833,14182
13858,14210
13860,14311
13945,14295
13924,14210
13817,14166
13878,10295
13886,13831
14261,13791
14134,23863
26678,3383
13922,14179
13811,14222
13878,12343
13813,13878
13864,14231
13904,14252
13942,14281
13622,31031
55094,6967
13813,14241
13858,14243
13911,14134
15927,34870
15927,48182
28727,45110
13875,14276
13879,13811
13878,13917
14134,31031
47925,63031
45622,8759
35638,16183
13896,14293
13869,13851
14109,13864
14221,13869
sending pilot state: 0
13854,14185
13892,14246
13860,14134
28727,45110
18231,32566
18999,34614
13878,15927
21302,25399
32566,13623
46134,4407
13931,14180
13622,13896
14293,13868
14238,13947
13771,14153
13833,14307
13816,14215
13872,14129
13821,14247
13813,14247
13848,13846
13861,14286
13825,14178
13804,14208
13808,14263
13902,14237
13863,14146
13823,13868
14238,13787
14189,13800
13874,13833
14307,13834
13857,14202
13910,13621
13819,14232
13873,14241
13859,14176
13840,14134
sending pilot state: 1
311,13821
14267,13885
13862,14275
13895,14134
10039,16950
13829,14308
13888,14174
13831,14292
13878,2615
14902,4151
37942,18743
45877,62263
30262,12855
13881,14134
13878,4150
4151,27190
13877,14134
13622,9782
9783,13871
14247,13878
13837,14213
13903,14180
13914,14134
1847,54325
64055,13945
13821,14134
13812,14279
13762,13874
13806,14248
13841,14177
13920,14254
13854,14134
13791,14231
13835,14134
12087,42806
13764,14235
13812,14212
13861,13914
sending pilot state: 0
13859,13818
13878,31031
47669,65335
13833,13812
14279,13839
13862,14133
60983,43061
49463,28470
20535,34613
13908,13791
14133,64823
42038,10551
13925,14182
13934,14139
13878,9526
13878,14232
13806,14227
13829,14225
13844,14161
13836,14134
3895,27446
32311,26166
13781,14308
13927,14240
13925,14134
21559,47670
823,40757
64823,37430
13878,28215
13951,14280
13848,14209
13857,14334
13917,14237
13895,14219
13884,14230
13982,13950
14182,13834
13756,14219
sending pilot state: 1
13892,14252
13875,14134
13864,14241
13835,14205
13851,14261
13829,14221
13871,14297
13878,6199
33078,28727
35894,22839
55093,13895
14219,13771
13941,14235
13876,14220
13862,14259
13759,14225
13892,14288
13864,14134
10295,13878
2869,64055
24885,64055
13887,14252
13836,14133
13839,14241
13847,14251
13917,14203
13994,14133
13709,14134
30007,39733
64567,13863
14134,8503
13915,14173
13839,14134
13622,4919
32310,25655
43062,13818
13895,14256
13824,14220
13814,14219
sending pilot state: 0
13816,13847
13919,14209
13865,14252
13908,14199
13886,14165
13853,14261
13906,14204
13848,14221
13840,14172
13869,13621
13878,25655
43062,13878
19511,25654
16439,13840
14293,13785
14249,13792
14194,13867
13926,14216
13953,14194
13847,14134
15927,21814
13912,14211
13907,13878
6199,36150
13622,11575
26934,20023
41781,60726
13878,16439
36917,62263
42038,22327
46390,9015
13918,14239
13832,14242
13915,14307
13813,14134
5943,30262
13878,22583
13622,13878
sending pilot state: 1
13852,14134
28471,43062
13900,14160
13888,14275
13877,13878
13935,13811
14244,13814
14182,13864
13851,13918
14239,13849
14133,60727
13844,13813
14134,5175
41526,17207
34870,26167
13907,14276
13856,14200
13851,14248
13886,13888
14134,25911
40502,17206
28471,46902
13899,13864
14133,64567
44341,52535
13804,14178
13622,5175
27446,11831
52022,13891
13768,14298
13876,14134
13921,14134
8246,24375
44342,7478
15927,47670
13878,17207
13841,14258
13887,13899
sending pilot state: 0
14234,13874
14186,13808
14264,13870
14233,13956
14225,13860
14225,13871
13885,14246
13622,13367
22070,16183
13847,13919
13891,14201
13834,13878
15159,40502
13842,14203
13927,14214
13878,13874
14186,13903
14205,13767
14205,13860
13951,14271
13829,14282
13875,14204
13786,14289
13826,14278
13895,14298
13814,14214
13846,14231
13924,14263
13767,14239
13878,26423
34358,24631
34614,2614
20279,32053
63287,31286
13852,14295
13854,14209
13870,14283
13888,14302
sending pilot state: 1
13974,14285
13622,18231
55862,5687
47158,2359
30518,17974
14004,14205
13854,14228
13871,14134
13924,14158
13955,14229
13916,13899
13880,14244
13764,14232
13794,14217
13855,14267
13896,14250
13843,14256
13808,14212
13878,2359
13913,14292
13903,14205
13794,14236
13878,12087
15926,3895
27446,13955
13820,14162
13864,14182
13877,50231
38966,18231
46389,57911
13930,14283
13933,14189
13816,14218
13901,14207
13916,14133
13895,14245
13877,57911
13889,14216
13878,3894
sending pilot state: 0
13783,14267
13864,14133
64566,12599
26934,22327
31541,63031
46134,20023
13800,14255
13846,13878
27959,27958
6199,13901
13835,14220
13837,14202
13900,14175
13857,14183
13821,14225
13866,14237
13622,10295
13862,14183
13872,14160
13842,14201
13906,14134
20021,49207
32566,10295
13815,14263
13994,13878
19767,47414
17975,43062
5687,50998
13810,14203
13844,14272
13622,10807
13836,14205
13878,9783
13622,12343
20534,22327
13878,21047
37686,11063
13870,14134
sending pilot state: 1
10295,42806
2359,20022
13878,13894
14248,13901
14197,13894
14229,13872
14134,13844
13959,14204
13878,3127
13891,13861
14171,13887
14227,13847
13864,14274
13865,13867
13796,14235
13852,14134
2359,20022
27191,49462
23863,13878
19767,30005
13924,13872
13985,14231
13878,34615
31797,60215
53558,4407
39222,13879
55606,26679
13836,14177
13925,14286
13862,14206
13858,14176
13842,14295
13894,14181
13926,14134
13621,63285
63286,29751
13827,14235
sending pilot state: 0
13846,14145
13877,60215
53558,25143
35126,14647
38710,9783
24117,60215
25398,19255
13805,14281
13831,14239
13866,14134
13855,14216
13813,13926
14180,13852
13828,14223
13820,14236
13873,14277
13869,14219
13923,14285
13836,14197
13878,9782
13781,14211
13903,14239
13988,14275
13811,14305
13622,10807
13798,14191
13788,14156
13878,7223
13842,14172
13856,14221
13792,14164
13887,14207
13997,14303
13878,3127
13887,14134
13895,13781
14211,13783
13878,42039
49974,16437
sending pilot state: 1
62263,57654
1079,13875
14262,13877
56375,19509
58167,21302
7735,22070
8503,45366
9015,30774
53,62775
13845,13873
13859,14215
13809,14134
13877,55095
49974,2615
38453,13888
13863,14292
13878,13111
46646,24375
13982,14133
58167,21302
2102,16694
8503,45366
9271,13622
13843,14191
13876,14213
13871,14199
13862,14218
13832,14201
13857,14312
13765,14247
13916,14154
13823,13877
14134,17207
46134,13878
40503,35638
13766,14345
13936,14175
13884,14133
sending pilot state: 0
13803,14236
13878,13367
13861,14134
12086,13111
32054,22583
13838,14285
13835,14243
13890,14134
13908,14210
13907,14228
13818,14134
13878,25143
13877,50744
2358,3639
13855,14238
13860,14251
13837,14212
13866,13861
13872,14186
13872,14134
13798,14261
13849,14276
13840,14134
16951,42293
63543,33334
5687,31030
14135,50998
13778,14202
13935,14197
13878,13855
13819,13860
13885,13837
13878,13866
14304,13898
14253,13848
14162,13860
14198,13874
13931,14134
sending pilot state: 1
4150,2101
63542,23607
13887,14134
14134,2615
43062,13367
13873,14187
13878,18231
13922,14216
13857,14218
13922,14134
18231,26422
13859,14151
13913,14286
13864,14227
13827,14228
13918,14232
13824,13916
14297,13931
13878,2615
43061,58679
38709,61751
36150,6711
13882,14168
13949,14257
13878,25143
28214,23351
33078,30519
13859,14275
13926,14191
13878,823
13916,14223
13904,14173
13880,14170
13902,14134
17719,38198
2869,62263
54837,65079
25910,21815
36918,5431
sending pilot state: 0
13893,14134
19767,39990
13945,14188
13846,14251
13920,14147
13901,14244
13878,23607
36662,9527
16438,13879
47670,18487
13817,13835
14261,13825
14223,13892
13865,14225
13622,5431
37686,10807
33846,7991
13792,14244
13840,14177
13870,14286
13878,19767
42038,12599
13868,14139
13865,14245
13886,14213
13842,14176
13907,14224
13892,14203
13878,14214
13877,57655
51254,13866
13831,14134
7991,13852
13878,4151
24886,2103
47414,35383
28213,13873
14134,14903
sending pilot state: 1
13859,14212
13878,15927
34102,20278
4663,13898
14149,13872
14204,13949
13900,14134
4407,2614
13878,13831
14238,13890
14212,13870
13805,14284
13622,35383
13915,14266
13861,14134
13891,14261
13867,14393
13878,20279
14021,14134
13922,14210
13855,14155
13899,14214
13878,18231
13899,14270
13920,14304
13946,13870
14301,13890
13857,14252
13907,14134
23351,47670
17975,16950
28471,24374
16695,38710
13861,14267
13884,14236
13858,13855
13925,14197
13903,14205
sending pilot state: 0
13902,14250
13878,24630
13793,14182
13859,14249
13874,14134
13908,13907
14133,64823
27446,3639
13868,14134
16695,13865
13872,13878
9527,47926
13836,14263
13833,14134
25911,30006
13874,14207
13805,14307
13945,14293
13874,14201
13622,12855
13870,14276
13833,14133
64823,13898
14316,13821
14281,13916
14235,13622
13840,14232
13895,13836
13849,13833
13622,22071
39734,22071
38965,54583
13830,13945
13874,14222
13871,14247
13950,13870
13888,14220
13864,14231
sending pilot state: 1
13776,14190
13858,14239
13850,14197
13927,14155
13913,14266
13775,14195
13924,14193
13928,14244
13885,14133
54583,43062
13825,14194
13851,14248
13811,14324
13839,14228
13868,14276
13824,14228
13878,13858
13828,14192
13946,13878
26423,19254
21303,47669
49718,13878
13825,14256
13884,14134
15671,13813
14236,13819
14134,11831
46134,311
28214,1335
13905,14277
13866,14180
13886,13878
13878,1079
13813,14188
13878,21303
13877,13762
13906,14273
13887,14200
sending pilot state: 0
13857,14244
13854,14215
13949,14230
13883,14304
13863,13825
13878,1335
13878,20791
13819,14263
13853,14214
13924,14145
13839,14186
13894,13878
13954,14230
13822,14255
13884,14274
13875,14203
13878,7735
34613,13949
14134,13111
50230,10039
41782,5687
39734,1847
26934,13819
14263,13804
14286,13622
25655,16694
13886,14216
13828,14207
13844,14247
13902,13884
13950,14269
13808,14134
13854,14111
13905,13875
14276,13940
14260,13873
13808,14294
13871,14134
21815,28470
sending pilot state: 1
13845,14231
13838,14218
13838,14248
13895,14241
13849,14213
13850,14195
13878,14239
13883,14284
13845,14261
13911,14231
13892,14237
13810,14137
13991,14289
13864,14224
13847,14163
13815,14235
13878,3639
35382,13838
13867,14261
13826,14267
13826,14250
13859,14204
13878,15159
52278,12855
13880,14280
13745,14274
13785,14236
13903,13991
14289,13837
13829,14248
13905,14156
13833,14239
13848,14288
13888,14172
13856,13826
13791,14235
13867,14247
sending pilot state: 0
13870,14249
13840,14237
13825,13880
14280,13877
45367,49717
63031,21302
11831,62262
13791,14231
13878,20791
19510,10295
13868,13848
14288,13780
13945,14134
13877,57143
39734,13111
24630,4663
38966,21814
4151,40246
12855,47158
13623,30773
13815,14159
13869,14134
1334,19255
29237,65335
13888,14134
10295,13885
13780,14246
13878,31031
13819,14257
13884,14134
13111,24629
13912,14294
13858,14134
12855,47158
311,25142
5175,55861
61495,13815
13904,14210
13843,14181
sending pilot state: 1
13808,14163
13878,13885
13852,14245
13803,14134
13902,13621
64311,45366
13892,14328
13856,14259
13923,13858
14196,13824
14296,13847
13851,14133
61495,41782
12086,2871
13818,13843
14181,13855
13849,13878
6454,17718
13882,14288
13878,13902
14186,13835
14244,13845
13903,14170
13905,14269
13927,14134
13878,5943
41270,9527
24118,8503
33590,13835
14203,13890
13826,13878
7991,35381
63031,32310
13622,14903
53302,7479
13853,14169
13845,14193
13873,14231
sending pilot state: 0
13782,14219
13839,13927
14313,13837
13878,13861
14174,13827
13785,13905
13823,14134
13869,14269
13855,13814
14206,13881
13859,14133
57143,35126
4150,11319
35638,11063
16694,2615
13843,14133
54839,35637
13836,14157
13898,14205
13921,14288
13954,14215
13884,14203
13906,13869
14269,13858
14184,13925
14175,13875
13894,14146
13823,14189
13896,13867
14145,13884
14228,13849
14251,13877
54838,11831
20534,11831
13914,14226
13842,14216
13905,14171
13807,14260
sending pilot state: 1
13812,14162
13898,14178
13878,13110
13912,14168
13621,65335
13886,13896
14287,13870
14198,14002
14193,13809
14285,13868
14134,37943
35382,6967
13807,14323
13878,13878
13929,14263
13867,14175
13839,14128
13878,15415
38966,7734
22583,22582
13869,14187
13824,14134
11830,3383
30774,14647
35382,18487
52790,12087
55605,52279
13877,13621
13867,14134
13623,32054
32055,32566
13878,3895
12342,1079
41270,12855
24630,13907
14210,13843
13876,13824
13835,14279
sending pilot state: 0
13803,14246
13864,14134
13899,14207
13936,14253
13622,9783
13875,14267
13876,14251
13873,14265
13878,16951
26422,9015
25910,7991
25142,9783
23094,3639
55606,22327
13830,14134
2871,13799
14134,15927
13824,14238
13816,14179
13827,14272
13885,14202
13864,14164
13844,14232
13859,14143
13921,13859
14181,13886
13869,14333
13878,3639
13929,14134
13834,14232
13903,14228
13835,14311
13798,14194
13937,13816
13904,14335
13848,13885
14202,13865
14203,13821
sending pilot state: 1
13794,14249
13856,14220
13913,14134
15927,46646
54,18742
17463,42805
60727,37174
14902,8503
24886,12343
13815,13798
14194,13834
13878,20535
13826,14134
13909,14205
13877,14197
13870,13794
14249,13870
14189,13866
13869,14284
13795,14205
13899,14205
13883,14266
13837,13857
13878,12343
13811,14348
13887,13834
13868,14160
13818,13826
14153,13887
14250,13966
13828,14266
13950,14272
13886,14171
13878,11574
11575,52277
62006,4663
28726,13883
14266,13954
sending pilot state: 0
13878,6710
13876,14306
13847,14236
13824,14208
13815,14133
13878,13887
14250,13892
14184,13863
13840,14214
13814,14239
13622,20023
14902,11063
13839,13842
13827,14221
13886,14134
13864,14202
13877,14259
13820,14227
13878,55
13790,13815
14134,10551
30262,3639
36918,9014
10039,37174
13884,14200
13922,14320
13936,14209
13899,14246
13860,14134
823,36150
13870,14262
13877,14260
13841,14218
13852,14239
13860,14199
13622,10551
13901,14226
13783,13859
14194,13809
sending pilot state: 1
13815,14265
13825,14147
13864,14178
13815,13899
13874,14134
9271,38965
13770,14210
13908,14134
13623,46134
13831,13852
14239,13894
13877,61751
13878,19767
13834,14265
13922,14133
61751,30518
4663,40758
13893,14160
13886,14224
13919,14134
12855,40757
63799,13883
14277,13849
14193,13809
13887,14246
13887,14270
13934,14234
13859,14255
13860,14197
13862,14207
13881,14168
13886,14219
13849,14134
17718,29495
23605,13919
14241,13924
14202,13891
14232,13878
sending pilot state: 0
6455,28982
13913,14243
13814,14237
13897,14292
13860,14259
13875,14217
13859,13878
9783,32566
13831,13886
13810,14292
13916,14260
13828,14290
13874,14154
13919,13891
14232,13801
14167,13878
13878,22839
41782,15927
47414,28983
27958,14646
13878,13875
14217,13837
14237,13774
14134,13879
13847,14237
13881,14187
13940,14289
13878,14176
13810,14213
13937,14227
13866,14268
13876,14134
13896,14249
13907,14134
28981,64311
13855,13896
13834,13837
13830,14244
sending pilot state: 1
13784,14196
13974,13847
14237,13905
13863,14253
13822,14134
13879,24630
13949,14257
13881,13866
13892,14134
13878,18486
18487,43318
18743,36661
64567,31798
7991,18486
13886,14206
13812,14206
13878,38455
13864,14197
13901,14190
13849,14133
65079,29238
32567,46902
13930,14255
13945,14190
13622,6711
36918,13897
14134,19511
40757,52535
16694,21302
11063,45366
13837,14239
13947,14219
13884,13864
14197,13825
14163,13847
14237,13929
13826,14238
13921,14216
sending pilot state: 0
13823,14177
13621,48951
13829,14160
13839,14235
13877,52533
52535,16693
61751,22838
21558,13837
13894,14240
13795,14313
13903,14245
13869,14223
13857,14126
13883,14176
13878,24887
34870,11319
13855,14171
13877,13829
13878,3895
39733,62006
20279,13857
12825,14171
8131,13879
14103,10025
25875,13795
14313,4170
6934,3491
5607,2858
4519,2136
1764,13884
14247,1576
2794,1446
504,2572
1952,10437
13849,14181
13848,14182
13822,14130
13955,14231
sending pilot state: 1
13848,5927
13849,14099
5921,52534
23607,13874
14220,13815
14134,9015
32566,1764
2901,13830
10294,1446
13832,14243
13891,14224
13844,14134
6455,25910
13773,14261
13898,14193
13878,6199
41014,7735
13912,14280
13622,12854
12855,35894
7735,21814
13768,14241
13825,14202
13895,14233
13793,14217
13865,14218
13915,14206
13906,14155
13852,13621
52535,13890
13815,14134
14391,16182
13878,22583
51253,57909
57143,38710
13878,13878
13853,14214
13818,14225
sending pilot state: 0
13878,18230
13903,14179
13865,14211
13824,14204
13883,14134
21046,2871
23606,7990
13866,14133
63286,311
29749,62006
13776,14262
13860,14231
13809,13935
14230,13878
7479,13877
13867,14195
13877,14199
13859,14192
13907,14192
13848,14151
13878,13835
13844,14202
13853,13866
13847,14259
13621,62005
62007,31542
567,39478
13857,14236
13878,13852
13857,14230
13874,14225
13899,14243
13922,14244
13897,14209
13901,14152
13839,14097
13622,5175
13837,13878
sending pilot state: 1
13878,5943
13892,14187
13890,14228
13878,4663
13856,13857
13884,14251
13807,14134
8503,38453
55351,20022
13623,31286
6711,41782
13848,14199
13856,14207
13849,13816
14263,13732
13866,13856
13808,14184
13878,16951
37942,14391
13913,14221
13864,14304
13877,61239
13832,14066
13846,13877
14202,13878
6711,41782
4407,53557
13853,14134
13844,13849
14136,13889
13773,14119
13918,14197
13826,14226
13866,14134
13858,14185
13622,10295
13887,13898
13865,14160
13785,14233
