Starting up...
Bluetooth Sample Recieve ('hcitool dev' in terminal returns the bluetooth address of this device)
Registering data store callback...
Registering WebSocket callback...
Starting DB thread...Reading from datasource. 
Server listening on 8080
13910,14232
22386,22427
13837,14266
13888,14275
13834,14165
13812,14236
13878,14592
13785,14321
13878,14235
13840,14130
13824,0
13916,14252
13809,0
54,2103
13888,14134
13945,14217
13817,14158
13851,13888
13858,14188
13903,14266
13878,25143
21814,14135
13898,14177
13795,14134
13905,14196
13957,14288
13857,14182
13811,14161
13833,13832
14332,13885
14167,13859
14134,13817
14158,13962
14233,13928
14278,13900
14116,13875
13838,14199
sending pilot state: 0
13840,14224
13865,14198
13826,14211
13878,34103
53302,38967
13877,13811
13886,13833
14206,13852
14211,13874
13912,14298
13829,14135
13774,14134
13943,14195
13907,14223
13894,14390
3639,30518
13365,64055
13900,14206
13878,22326
22327,53814
8247,45622
32310,2359
45621,13878
7223,33589
65079,49718
13901,14278
13861,14233
13806,13943
14195,13963
13949,13894
13843,14243
13886,14300
13861,14218
13830,14233
13834,14230
13778,14257
13859,14107
13863,14264
sending pilot state: 1
13916,14242
13846,14134
13878,14228
13763,14156
13936,14181
13922,14263
13897,14210
13858,14210
13823,14134
15926,29495
13849,14228
13905,14160
13872,13621
53815,45366
13891,14134
10039,47158
36407,43061
13826,14230
13877,49975
19510,4407
13867,14168
13878,13897
14134,3126
8759,13822
13888,14209
13917,14192
13794,14246
13851,14276
13936,14246
13937,13891
13878,36406
36405,13804
14176,13863
14134,1079
33845,56631
58166,6455
13883,14162
13840,14257
sending pilot state: 0
13821,13822
14172,13839
14211,13832
14258,13887
14174,13813
13929,14254
13932,14176
13861,14226
13867,14272
13956,14134
10039,13933
13888,13789
14307,13828
14231,13906
13622,4151
13871,14134
13802,14188
13821,14279
13833,14134
13886,14242
13878,26935
13834,13932
14176,13878
9527,37430
13873,14265
13902,14209
13829,13878
16439,15926
5175,41526
13831,14266
13820,14134
12087,13878
12853,13821
13794,14183
13822,14298
13878,5430
13878,2614
2615,18230
sending pilot state: 1
10807,45366
6711,54581
13846,13902
14209,13868
14134,14903
13867,14169
13870,14138
13856,14254
13905,14267
13848,13813
13877,57911
26422,10807
13878,23351
13878,13869
13878,10806
10807,45366
13890,14167
13872,13846
13796,14154
13903,14236
13878,14278
13813,14235
13801,14173
13894,14162
13923,13848
14218,13922
13622,10807
13856,14226
13879,14193
13863,14310
13884,14225
13879,13890
13868,14263
13877,58423
18998,18231
13858,14304
13807,14133
62775,39734
sending pilot state: 0
13836,14177
13836,14208
13768,14134
25143,49974
13913,14246
13789,14134
13882,14200
13946,14220
13891,14134
14135,41526
13827,14242
13819,14258
13820,14236
13877,13807
14229,13862
14133,60727
52278,17207
13813,14133
51255,50998
24119,32054
13924,14133
56629,58935
37686,13946
14220,13839
14134,13886
13955,14179
13839,14133
64311,45621
64055,13878
13920,14304
13839,14228
13870,14134
13846,14227
13826,13918
13806,14138
13929,14182
13932,14261
13975,14224
13865,14216
sending pilot state: 1
13810,14213
13902,14134
13878,3895
13835,14133
64055,26934
13798,14219
13896,14200
13873,14254
13878,5687
13838,14202
13901,14235
13912,14269
13799,13932
13763,14211
13878,10551
13877,62007
13818,14185
13878,34359
43318,2103
13878,5687
15413,13798
13894,14283
13819,14222
13878,6455
43573,62007
24118,4918
19767,39734
13876,14300
13852,14262
13901,14230
13758,14281
13934,14183
13858,14134
13882,14118
13844,14244
13905,14270
13788,14207
13870,14205
sending pilot state: 0
13877,14196
13832,14188
13840,14243
13845,14331
13878,13367
13902,14221
13950,14167
13834,14243
13905,14227
13836,14250
13842,14168
13813,14245
13622,20790
13831,14244
13843,14224
13851,14248
13929,14286
13858,14212
13859,14195
13846,14280
13932,14134
13824,14170
13899,14242
13797,14164
13854,14221
13867,14310
13801,14223
13889,14251
13848,14188
13622,4919
36918,19511
13891,13929
14286,13933
14235,13911
14225,13865
14158,13920
14285,13787
14255,13883
sending pilot state: 1
14229,13858
14214,13878
7735,13931
14208,13860
13837,14264
13891,14239
13849,14298
13880,14134
19511,13865
14264,13850
13865,14134
22326,4663
13875,14207
13898,14208
13860,14271
13842,14272
13867,14181
13807,14198
13891,14309
13878,3383
13878,13891
13878,6454
6455,55862
30007,17974
13844,14134
13896,14134
10550,25655
13841,14258
13852,14290
13926,13860
13825,13842
14272,13869
13838,14248
13836,14227
13865,14181
13622,18231
13916,13852
13792,14235
sending pilot state: 0
13828,14296
13894,14227
13878,18487
30006,2103
13881,14134
13907,13852
13622,26167
48950,3895
13911,14218
13908,14134
3639,43062
22583,21557
62005,58423
49205,65079
13851,14204
13877,14334
13787,14137
13897,14242
13903,14275
13845,14234
13864,14134
13847,14227
13872,14134
13817,14134
22327,13622
13910,14187
13890,14133
13877,58423
49206,3127
32309,13851
14204,13905
13796,14133
13888,14253
13811,14240
13874,14203
13802,14176
13938,14228
13859,13872
sending pilot state: 1
13797,14133
13835,14248
13770,14241
13913,14246
13909,14234
13878,3127
32310,28727
13828,14134
20791,15414
13793,14221
22632,22419
13878,27703
13837,14197
13878,9015
13819,14244
13935,14237
13879,14133
13870,14134
13773,14232
13889,13836
13807,14262
13881,14121
13784,14277
13896,14158
13843,14264
13870,14212
13885,13932
14119,13795
14249,13886
14245,13857
13879,14201
13878,13879
13889,14290
13825,14289
13905,14239
13799,14174
13825,14231
13895,14231
sending pilot state: 0
13948,14313
13880,14231
13893,14134
13826,14170
13892,14270
13878,15927
13859,14221
13854,14191
13854,14258
13847,14237
13878,310
13786,13905
14239,13909
14282,13878
13938,14237
13840,14229
13894,14231
13837,14228
13856,14200
13842,14139
13790,14134
16183,49206
19255,12854
13815,13854
14258,13864
13900,14298
13830,13786
14247,13825
14157,13939
14134,18487
36918,21559
13859,14210
13827,14134
3383,37942
20021,58167
13864,13790
13862,14209
13890,13860
sending pilot state: 1
14175,13854
14213,13759
14134,14391
9526,8503
13890,14167
13887,14140
13767,14309
13900,14263
13852,14260
13853,14134
13878,20022
20023,26422
13928,14253
13926,14143
13800,14252
13849,14217
13855,14176
13847,14215
13901,14230
13878,13890
14167,13835
13877,50999
58677,61239
48438,12855
22325,64055
40758,13925
14215,13880
14197,13853
13851,14223
13906,13800
13890,14299
13836,14238
13887,14173
13907,14153
13816,14262
13878,2871
43574,2615
13877,61239
sending pilot state: 0
48437,62263
13888,13818
14239,13882
13889,14209
13868,14244
13818,14240
13878,21047
13816,14134
13843,14202
13867,14134
13903,14201
13865,14133
63543,46646
4407,27190
17463,38966
13945,14172
13878,16439
13846,14206
13894,13878
13920,14263
13877,64055
41014,4407
25654,10295
35381,62262
4918,8247
43574,5687
44342,13879
13822,14271
13830,14299
13839,14235
13819,14229
13791,14235
13869,14134
5687,32310
20791,13853
13917,14217
13797,14215
13930,14299
sending pilot state: 1
13834,14198
13876,14225
13885,14222
13850,14183
13846,14181
13878,1591
13827,14219
13803,13621
13861,13621
13874,14224
13866,14282
13850,13878
7479,28982
13932,13797
13887,14192
13914,14212
13830,14158
13878,15670
15670,1591
31798,11831
49974,9783
13862,14239
13881,14219
13875,13878
13793,14181
13947,14177
13622,13850
14134,11831
37429,59447
13899,14216
13890,14312
13878,1591
20022,13878
2615,45878
13878,11831
13920,14296
13799,14239
13873,14196
13794,14228
sending pilot state: 0
13859,14215
13875,13947
13820,14133
62007,13878
11831,37430
13111,33589
64311,44342
5431,54581
13923,14243
13849,13916
14193,13890
13953,14212
13840,14203
13799,14269
13843,14177
13850,14168
13622,13875
13833,14194
13838,14231
13948,14223
13877,64311
13830,14262
13877,62007
31798,20791
39478,13849
14219,13885
13874,14134
33079,33846
13779,13799
14269,13894
14232,13883
13940,14285
13879,13833
14134,12087
28982,8247
41526,13879
28982,27191
sending pilot state: 1
30773,13865
13813,14329
13878,13955
14273,13895
14274,13844
14244,13878
5175,51766
13893,14250
13878,15159
13861,14238
13892,14211
13818,14134
12087,28982
13891,14272
13827,14205
13906,14193
13853,13813
14134,4407
33334,16951
13900,14218
13898,14185
13878,13878
13622,17719
43574,30007
43062,23350
13878,17463
33590,1591
13878,5686
13879,14204
13888,13827
14205,13927
13878,7479
13895,13841
14210,13808
14134,29239
39990,13367
13853,14308
13879,14242
13863,14174
sending pilot state: 0
13947,13915
14181,13908
13878,13830
14136,13884
13788,13878
14133,13888
14245,13829
13917,13833
13878,18231
42038,21303
13915,13878
13813,13876
14312,13851
14213,13891
14252,13810
13876,14263
13799,14232
13847,14244
13830,14255
13848,14210
13848,13621
13840,14217
13924,14248
13847,14223
13938,14134
21303,36406
8247,30518
13886,14163
13878,17207
13835,14247
13922,14165
13877,14192
13878,5943
13932,14134
1591,44853
13735,14134
13622,4150
4151,13889
sending pilot state: 1
13839,14250
13887,13878
29239,49462
13863,14179
13887,14215
13867,13869
13843,14311
13878,25143
21813,64311
13861,14245
13878,27703
42294,12855
26934,16183
13877,65335
17718,12855
43317,57399
40502,16439
45878,8247
28982,4663
13830,14150
13946,14232
13622,4919
59190,28726
17719,50997
13824,14255
13905,14134
13933,13874
14185,13809
14201,13881
13793,14141
13850,14242
13869,14223
13900,13856
14134,36151
13822,14248
13885,14212
13803,14262
13844,14134
sending pilot state: 0
28727,38198
21303,37686
8759,51765
13859,13933
13899,14211
13878,14647
13867,14239
13856,14174
13861,14233
13878,19511
13961,14245
13848,14244
13785,14319
13870,14133
13815,14202
13878,14224
13906,14222
13869,14287
13914,14190
13874,14197
13878,17719
13881,14244
13848,14180
13895,14280
13839,14203
13855,14241
13920,14234
13883,14133
55607,61237
57143,11318
13887,14251
13863,13906
14134,13869
14287,13907
13867,14234
13801,14165
13898,14255
13852,14280
sending pilot state: 1
13892,14134
13880,14300
13859,14269
13878,24631
39478,3382
15159,36406
14391,36662
13832,14200
13927,14290
13861,14233
13878,21303
30262,12855
13877,59703
21814,13898
13879,14134
7223,51254
15926,18999
13827,14305
13867,14237
13900,14245
13902,14215
13858,13887
13915,14165
13848,14176
13843,14134
9527,39221
13857,13874
14275,13900
13917,14232
13884,14270
13908,14286
13904,14221
13860,14134
823,57654
19255,36662
13933,14253
13818,14193
13804,14201
13910,14194
sending pilot state: 0
13841,14244
13895,14231
13959,14201
13898,14296
13896,14171
13840,14234
13887,14134
21558,25655
44854,12855
34102,16183
13823,14202
13878,13878
27959,44342
1591,21302
13851,14212
13839,14235
13881,14253
13860,14300
13795,14293
13935,14216
13923,14199
13878,16183
13845,14280
13869,14234
13811,14179
13890,14133
65335,31286
13859,14134
1590,13918
14158,13863
13850,14254
13878,14647
44342,22583
31798,8247
52534,13935
14216,13917
13878,5431
sending pilot state: 1
36150,8503
13824,14194
13846,14133
62262,13890
14223,13770
14170,13883
14213,13878
13865,14257
13850,14204
13929,14237
13842,13912
14204,13840
14210,13851
13878,14177
13817,14247
13887,14212
13878,55
29237,58422
13813,14180
13867,14133
13911,14270
13622,12855
13886,14229
13860,14174
13854,14262
13847,14297
13914,14224
13839,13878
13878,13879
13838,14133
13882,14134
16183,13889
13896,13621
13822,14231
13895,14256
13864,14326
13877,63031
52278,7991
13889,14252
sending pilot state: 0
13837,14197
13851,13847
14297,13864
14213,13866
13824,14292
13826,14267
13802,14240
13622,16695
13877,14231
13864,14184
13793,14175
13856,14229
13894,14217
13857,14278
13833,14177
13861,14267
13825,14257
13922,14134
10295,34102
13858,14253
13899,14134
567,47926
13877,58935
38454,15159
13937,14134
10295,13847
14289,13878
8247,38198
13862,14116
13872,14183
13796,14134
9527,47926
14391,46134
9270,13915
14183,13893
13883,14244
13832,14207
13800,14161
sending pilot state: 1
13815,14247
13882,14174
13833,14222
13887,13905
13918,14217
13902,14225
13871,13872
14183,13895
13809,14238
13836,14231
13920,14148
13828,14134
17719,46646
24631,36918
13834,14181
13959,14211
13878,14903
24118,16951
13840,14249
13911,14242
13794,14268
13799,14237
13913,14214
13877,61751
40502,29751
44086,17463
13878,1079
55094,13920
14224,13810
14240,13878
2615,25909
62006,7223
13861,14237
13851,14218
13878,22327
41526,16437
13828,14260
13873,14192
sending pilot state: 0
13939,14186
13796,13940
13854,14230
13872,14134
13920,14187
13906,14222
13872,14240
13895,14175
13957,14251
13876,14242
13878,6967
13854,14313
13836,14189
13872,13828
13878,12599
13878,29495
13898,14169
13855,14134
13813,14231
13904,14231
13778,14344
13828,14174
13818,14243
13770,14208
13934,14181
13839,14286
13893,14281
13873,14251
13885,14237
13827,14267
13924,14127
13841,14134
18999,22838
20279,13822
14134,4663
52534,19767
33589,13828
14174,13809
sending pilot state: 1
14312,13881
14280,13864
13862,14238
13878,17718
13889,14270
13851,14252
13849,14214
13857,14134
25653,59703
13622,1847
13844,14232
13868,14134
4663,52534
16695,42550
13893,14133
13957,14216
13866,14210
13855,14198
13853,13954
14134,8503
55094,9015
21558,7991
13871,14244
13931,14229
13888,14259
13998,14134
5175,38966
13836,14239
13845,14163
13843,14166
13908,14282
13912,14228
13918,14144
13878,7479
25654,13857
14295,13890
13878,7990
7991,13884
sending pilot state: 0
14225,13878
13783,14227
13912,13998
14283,13880
13947,13836
14239,13861
14146,13833
13910,14219
13838,14235
13930,13918
13848,14235
13821,14134
13847,14200
13791,14191
13878,15415
37174,4407
28469,64567
13889,14266
13902,14285
13859,13878
31543,36149
13926,14198
13845,14170
13859,13838
13883,14162
13902,14156
13792,14241
13828,14134
5943,30774
6199,38966
11319,27190
13848,14218
13845,14181
13796,14250
13834,14249
13867,14261
13856,14207
13905,13845
sending pilot state: 1
14170,13847
13869,14278
13838,14134
13843,14167
13859,14305
13820,14233
13835,13868
14186,13885
13789,14202
13895,14281
13849,14176
13934,14250
13873,14162
13927,14308
13807,14134
13862,14231
13848,14134
11575,50742
10551,49462
13878,9015
13898,14282
13919,14234
13821,14259
13901,14226
13832,14272
13822,14276
13793,14222
13908,14250
13908,13927
13884,14244
13844,13862
13936,14193
13859,13865
13883,14197
13878,14253
13940,14232
13855,14316
13886,14254
sending pilot state: 0
13970,14250
13821,14134
2103,13825
13852,14133
57655,13818
14193,13877
14239,13813
14134,13844
14255,13762
14186,13878
9015,54582
24375,33845
13848,14134
13890,14222
13878,15926
15926,13970
13877,13821
13878,310
13777,14230
13788,14276
13892,13877
14239,13934
14252,13824
14174,13877
49719,27190
11575,53814
4406,24375
13850,14217
13830,13890
14222,13872
13844,14304
13878,30775
13827,14200
13874,14256
13827,14185
13878,17463
13922,13934
13816,14195
13840,14260
sending pilot state: 1
13899,14209
13878,4407
13861,14233
13878,6711
35126,4407
54070,13872
14222,13920
14134,13842
13875,13827
13817,14134
13872,14163
13904,14241
13923,14216
13914,14242
13860,14291
13875,14272
13874,14266
13844,14171
13829,14200
13797,13878
4407,54070
10295,48438
11319,42550
9783,40246
13829,14202
13896,13872
13906,14168
13750,14267
13878,23094
13870,14250
13843,14152
13859,14262
13876,14198
13826,14160
13835,14243
13890,14295
13851,14134
11319,42550
sending pilot state: 0
13966,14148
13816,14185
13841,14217
13929,14134
13896,14186
13877,14253
13827,14296
13860,14231
13838,14184
13891,13876
13919,14209
13885,14233
13886,14292
13894,14320
13883,14222
13941,14218
13871,14213
13973,14230
13944,14214
13890,14301
13900,14206
13844,14134
13892,14236
13878,3639
26678,18231
32054,13919
14209,13837
13950,14172
13851,14229
13835,14208
13918,14254
13803,14209
13843,14253
13861,13944
13837,13878
16951,56630
17719,13970
14286,13914
sending pilot state: 1
13877,14134
13788,14279
13891,14234
13882,14203
13882,14229
13831,14254
13878,2871
32822,13918
13847,14222
13847,13843
13903,14134
9527,13908
13945,14134
13828,14204
13820,14259
13802,14153
13877,14204
13883,14336
13622,14903
13790,14204
13895,14179
13877,14150
13859,13862
14283,13622
5943,36406
15159,20533
58167,13881
13878,31031
35638,8759
42550,823
13815,14288
13862,14220
13862,13883
14336,13877
13809,13790
14204,13916
14319,13854
13868,14234
sending pilot state: 0
13816,14247
13914,13878
15159,20534
23351,13948
14287,13913
14296,13816
13781,14223
13950,14269
13878,9783
35894,16950
9783,24118
11575,50486
13876,14210
13622,7734
13891,14281
13877,63543
42806,5174
23095,28982
13880,14221
13884,14313
13889,14210
13826,14206
13898,14134
32311,48438
13833,14134
13834,14170
13838,13900
14228,13907
14296,13815
13853,14275
13878,14263
13878,5175
56374,13854
14175,13622
13777,14227
13888,14183
13876,14260
sending pilot state: 1
13788,14230
13856,14265
13945,14228
13877,13878
2615,23094
3639,40502
17463,13841
13878,7479
13910,14270
13822,13862
13878,8503
46133,62007
13775,14201
13878,16438
16439,26422
10807,33077
65335,36150
13881,14221
13924,14277
13824,14238
13811,14263
13818,13841
13906,14196
13838,14252
13928,14286
13866,14237
13932,13810
14223,13860
14157,13838
13806,14268
13877,14133
13916,14194
13866,13881
13868,14247
13861,14134
13867,14285
13845,14352
13851,14226
13891,14257
sending pilot state: 0
13878,14221
13834,14283
13893,14275
13911,13860
14133,60727
49462,15927
13908,14240
13875,14296
13876,14240
13779,14198
13890,14199
13777,13867
14285,13872
14210,13878
13842,14222
13870,14280
13858,14250
13907,14185
13872,14134
13895,14245
13941,13886
14224,13937
13957,14241
13757,14184
13878,14258
13817,14188
13877,14128
13836,14210
13842,14228
13891,14297
13819,14214
13776,14221
13918,14259
13954,13872
14306,13878
13878,13941
13953,13937
sending pilot state: 1
14208,13848
13877,48439
26678,10295
35382,22583
58166,21814
13623,12341
43830,1079
48438,25399
31286,5687
13844,14208
13878,24119
45877,60727
13878,3895
13873,14182
13856,14246
13885,14313
13874,14205
13852,14215
13885,14224
13879,14230
13904,13739
14168,13829
14271,13836
13874,14253
13901,13844
14208,13844
14178,13877
13878,6711
13835,14134
13878,8247
42550,13885
14313,13833
13901,14236
13784,14175
13800,14249
13878,13878
20535,44598
5175,41782
sending pilot state: 0
5943,36406
16183,50486
13861,13844
14178,13878
15159,34614
3639,47158
4918,44599
13898,14156
13873,14255
13882,14204
13859,14279
13892,14289
13847,13873
14256,13883
14162,13895
14134,567
41270,25143
13831,14170
13889,14203
13878,3638
13909,14134
4919,36918
822,13898
14156,13860
14228,13878
14903,31798
23095,27957
13622,5943
13869,14224
13862,13895
13823,14214
13622,25143
33078,6711
13837,14297
13912,14287
13840,13878
13927,14236
13884,14240
13913,14186
sending pilot state: 1
13813,14243
13887,14134
13834,13810
13823,14133
57655,28982
13893,14134
9783,19254
3383,44597
64823,38454
13878,13837
14297,13904
13882,14256
13850,14236
13850,14191
13904,13913
13879,14286
13809,14204
13843,14286
13877,13823
14217,13861
14185,13855
14232,13912
13815,14239
13834,14207
13852,14232
13847,14321
13872,14301
13875,14248
22455,22462
13877,13879
14286,13887
14205,13851
13835,14134
13856,14231
13850,14187
13878,22583
32310,9016
sending pilot state: 0
13817,14186
13887,14210
13878,5943
61750,9015
13791,14182
13840,14167
46901,62007
21813,61751
34614,13887
14205,13851
13829,14324
13802,14141
13811,13850
13837,14228
13840,14287
13907,14316
13867,14235
13895,14228
13923,14189
13933,14231
13878,4151
37430,8503
19766,7223
13820,14205
13886,14262
13878,1335
62518,13367
44854,13811
14220,13890
13859,14220
13865,14134
13878,11062
11063,39734
13826,14195
13870,14234
13815,14202
13880,14134
13887,14129
sending pilot state: 1
13854,14186
13858,14144
13970,14140
13947,14304
13863,14262
13882,14232
13896,14134
9015,35894
13897,14284
13834,14247
13825,13826
14134,32055
13874,14274
13811,14238
13856,13887
14129,13903
13878,8759
16438,25143
48438,4150
31543,57398
45877,54839
44854,5687
13878,25655
46902,13878
18743,52278
13878,311
55861,53558
13930,13878
13877,62263
13888,14134
13878,13903
13856,14155
13785,14273
13878,4151
13846,14163
13806,14294
13878,5687
43574,10807
23094,32311
sending pilot state: 0
42806,24118
21303,51510
13877,53559
15413,65078
13864,14311
13840,13888
13857,14214
13950,14213
13877,55607
49462,16695
13946,13846
14163,14005
14292,13881
14256,13878
10806,13950
14247,13864
13930,14266
13878,13848
14196,13853
13904,14244
13916,14218
13913,14295
13845,14251
13866,14292
13865,14134
13884,14301
13801,14005
13622,14647
13911,14257
13866,14229
13897,14237
13901,14221
13852,14205
13791,14227
13850,13904
14244,13856
13822,13913
14295,13926
sending pilot state: 1
14157,13881
13766,14331
13852,14314
13846,14324
13825,14211
13808,14134
22327,45366
13851,14271
13853,14121
13887,14224
13813,14133
13900,14157
13878,8247
13837,14182
13872,14214
13864,13881
14272,13877
50742,11063
19254,9014
5687,62517
61751,30262
13878,19255
13889,14178
13825,14265
13810,14134
16183,36918
13888,14134
19511,19766
4151,13866
13732,14247
13902,13864
14134,11575
49974,6711
36662,12599
13904,14241
13919,13834
14182,13855
13897,14134
sending pilot state: 0
16695,13878
14172,13877
62007,30774
13845,14183
13849,14134
4151,46646
3383,31798
13861,14255
13914,14240
13876,14329
13887,14134
12599,19510
13891,14290
13890,14134
7991,29750
13935,14226
13872,13939
14236,13846
13887,14256
13886,14225
13924,14244
13924,14209
13871,14219
13851,14169
13895,14257
13901,14134
16182,31798
30007,25142
13838,14134
16951,54326
7989,13935
13878,13878
13896,14201
13837,14134
16182,25143
21814,9015
42038,19255
13895,14213
sending pilot state: 1
13878,6967
13910,13895
13966,13901
13828,14134
31799,29238
13878,3639
38454,17207
54582,3127
36918,25911
47414,7991
53558,8758
3383,43061
13904,14344
13622,19255
37174,8759
13856,14248
13912,14227
13922,14286
13887,14134
1079,13887
13848,14134
1589,62007
13904,14217
13821,14210
13867,13855
13874,14245
13844,14243
13894,14201
13877,50743
11830,16183
30262,13856
14248,13764
13894,14223
13878,16182
16183,38965
55607,37686
13835,14247
13884,14162
sending pilot state: 0
13871,14133
64823,33333
13922,14234
13883,14217
13869,14223
13832,14134
20535,24886
13825,14196
13920,14268
13880,14253
13878,14226
13812,14221
13862,14197
13861,14233
13895,14278
13832,14194
13805,14133
13866,14228
13917,14165
13973,14253
13981,14199
13622,11063
29493,59191
49462,13878
13819,14239
13840,13878
14226,13877
13829,14234
13963,14265
13806,14235
13950,14324
13917,13805
14134,13866
13880,14233
13809,14134
38199,44341
13924,14262
13621,59191
sending pilot state: 1
49462,11831
13872,14133
64310,10039
28982,3639
57910,1591
13865,14134
35638,16693
13622,32311
62518,6455
46390,13879
13943,14134
14391,39222
12599,28214
13806,14222
13877,61495
29238,6200
13897,14288
13622,10038
13878,13838
14306,13853
14214,13875
13878,16695
34870,20791
36917,13849
14261,13848
14258,13925
14249,13884
14247,13916
13820,13806
13858,14266
13904,14280
13878,18743
13904,14133
13903,14212
13877,14280
13859,14243
13934,14248
13878,20791
sending pilot state: 0
36918,20021
56630,5687
62262,6199
13961,14281
13793,13916
14198,13840
14143,13879
13892,14214
13835,14183
13878,13904
14134,823
42038,11831
13878,9015
13882,14273
13878,13861
14202,13878
13802,14260
13796,14303
13893,14215
13874,14270
13840,14165
13878,13879
13850,14197
13878,2870
13894,14256
13878,823
13843,14175
13932,14248
13804,14193
13858,14246
13899,14220
13856,14226
13832,14277
13846,14217
13909,14229
13852,13840
13942,13848
14242,13878
6711,30006
sending pilot state: 1
13920,13894
14134,10039
13893,14134
4919,24374
13952,14256
13914,14194
13840,14196
13866,14254
13903,14211
13946,13846
14217,13929
13863,14193
13826,14134
30263,31030
2615,13876
14206,13850
14134,22071
13922,13893
14134,20535
29238,1591
52278,21303
39478,24375
39734,5943
13800,13903
13878,14127
13790,14134
26935,38710
13623,46646
13878,2615
41269,54326
13367,32310
1335,29494
13816,14134
13853,14244
13881,14186
13844,14134
13903,14243
13882,14236
sending pilot state: 0
13824,14292
13845,14134
13879,12086
9271,57142
31031,29750
13808,13877
13877,54327
13860,14227
13881,13847
13876,14192
13898,14223
13847,14234
13900,14219
13880,14134
20278,13882
13881,14241
13878,5430
13933,14185
13852,14258
13895,14257
13894,14205
13870,14227
13852,14187
13901,13881
13882,14262
13879,13898
13863,14249
13762,14217
13858,14258
13911,14221
13842,14125
13848,14134
13878,27959
26934,13852
13878,18231
13862,14179
13836,14200
sending pilot state: 1
13803,14205
13890,14208
13811,14192
13825,14197
13847,14199
13814,13762
14134,6199
30774,4663
33334,13842
13878,14227
13801,14217
13861,14134
13860,14256
13885,14186
13924,13836
14200,13872
14236,13891
14238,13893
13844,14211
13878,5943
13909,14201
13833,14134
13851,14185
13889,14219
13854,14134
13879,37686
16439,13852
14206,13924
14208,13862
14213,13878
25655,42550
13868,13891
14238,13878
17718,3895
28214,6711
36662,13909
14201,13881
13878,6967
13872,14301
sending pilot state: 0
13878,7734
7735,43061
58167,35125
62775,45878
13848,14242
13878,2103
44086,26679
50741,13878
11319,49206
55,43830
21303,41782
13878,4151
28213,62263
38710,12087
13819,14231
13870,13921
14209,13790
14210,13913
13869,14215
13781,14248
13879,13878
4151,48438
13870,14245
13840,14134
13945,14163
13909,14134
13823,14267
13621,62263
38710,12599
13877,64311
38710,2103
13924,13790
14210,13900
14234,13829
13845,14211
13910,14295
13859,14203
13887,14232
sending pilot state: 1
13919,13840
14151,13907
13773,13909
14134,5431
53814,12599
44598,28215
13878,16439
13878,13832
14197,13936
13862,14232
13878,1335
13800,14245
13894,14134
22071,55093
13829,14221
13917,14242
13878,21303
31797,65335
45622,4407
57654,31287
13861,14204
13893,14134
23095,13896
14298,13849
13854,14271
13886,13857
14273,13919
14134,13894
13864,14204
13622,13829
14221,13878
23863,41526
7223,41526
13828,14287
13955,14215
13954,13861
13907,14187
13795,14281
sending pilot state: 0
13878,13849
14224,13776
13833,14292
13882,14224
13839,13852
14134,11575
13877,14187
13869,14214
13873,14259
13889,14186
13821,14134
13918,14193
13884,13954
14206,13905
14268,13907
13904,14245
13872,14212
13884,14134
2359,54326
5685,51254
3895,39990
13896,14243
13877,14244
13850,14134
12599,45878
8503,45622
31287,26166
13926,14134
13910,13905
14268,13868
14277,13887
14258,13839
14313,13884
13878,5687
13946,14214
13904,14301
13906,14250
13959,13877
14244,13860
sending pilot state: 1
14245,13875
14258,13831
13838,14263
13838,14134
13841,14281
13869,14184
13878,16183
45622,16951
13887,14229
13854,14244
13913,14269
13947,14230
13839,14240
13878,13959
13861,14270
13922,14258
13930,14225
13999,14283
13823,14186
13841,14262
13836,13869
13862,14134
29751,13848
14219,13878
13975,14247
13885,14179
13838,14206
13874,14126
13785,14200
13805,14257
13878,25143
45622,13930
14225,13897
14246,13877
65335,27190
13888,13836
14271,13848
sending pilot state: 0
14294,13921
14158,13878
13844,13878
13931,14213
13862,14198
13878,12855
11830,15415
13863,14224
13842,14223
13938,14234
13878,18743
42550,38455
54838,18487
13899,13888
13893,14239
13824,14221
13867,14286
13884,14219
13879,14281
13836,13862
13830,14269
13835,14209
13896,14134
10039,36918
13833,14271
13877,14279
13954,14242
13931,14203
13878,19254
13847,14134
17719,40758
13815,14204
13928,13884
14219,13871
14231,13889
13843,14281
13870,14134
2871,13864
13889,14284
sending pilot state: 1
13878,2359
13878,13622
13623,50998
13878,27447
31542,13856
14149,13789
14255,13904
13907,14174
13905,14251
13877,13871
13820,13889
13897,14183
13939,14201
13817,14199
13888,14263
13798,14260
13905,13863
13876,14134
13878,13881
13855,14264
13889,14309
13833,14252
13889,14271
13875,14265
13904,14261
13912,13820
13740,14221
13855,14224
22442,22421
13858,14134
13862,14259
13622,13367
26934,13878
13878,17975
13869,14240
13878,2359
44085,60983
sending pilot state: 0
13920,14303
13900,14302
13908,13912
13856,14206
13878,7991
36918,19543
43574,13858
13861,14134
13834,14272
13826,14216
13778,14134
13837,14247
13768,14253
13893,14159
13781,14242
13902,14193
13622,19511
56886,10039
13878,8247
13937,14202
13867,14208
13886,14258
13881,13878
9527,50741
13878,567
13821,14226
13835,13837
14133,64311
37941,58680
566,6199
32310,3383
33078,13818
14262,13872
14141,13878
19511,34614
5943,32310
9271,49461
13863,14279
sending pilot state: 1
13877,62261
13827,14166
13877,13821
13916,14232
13825,14217
13831,14155
13862,14219
13858,14183
13622,3895
49206,7478
12343,15670
13878,5942
5943,32310
13876,14245
13834,14176
13878,19511
13878,822
13873,14234
13936,14229
13878,13825
14217,13878
1847,19254
5431,42294
12855,55350
15159,13878
13918,14239
13807,13957
14240,13884
13865,14134
13367,13755
14211,13799
13858,14187
13854,14134
13917,14238
13873,13833
13919,14204
13878,5430
5431,42294
17719,41526
sending pilot state: 0
13901,14268
13791,13918
13884,14266
13835,13878
15415,39478
13623,13932
14242,13880
14185,13834
14134,2102
13889,14308
13622,12599
13878,24375
31798,26423
42038,4407
13886,14134
5430,27959
13871,14234
13876,14197
13824,14276
13839,14214
13886,14237
13859,14312
13878,2615
29238,7479
13865,13889
13836,14281
13839,13846
14286,13897
14231,13807
13942,14257
13861,13933
14265,13878
13884,14215
13812,14134
54,12854
3894,20790
15927,40246
3383,28981
sending pilot state: 1
13878,7478
13881,14220
13932,14222
13879,14292
13879,14216
13777,14160
13941,14258
13945,14134
9527,13878
13811,14134
13911,14133
62519,56886
23095,45622
13754,13837
14193,13890
14193,13926
13890,14217
13836,14285
13936,13879
14292,13829
13872,14180
13878,13941
13878,31031
13878,16183
13835,14276
13843,14206
13818,14174
13893,14268
13833,14215
13878,13890
14134,12855
13834,14134
16951,13949
14186,13873
13898,14270
13864,14232
13854,13833
sending pilot state: 0
14188,13878
13878,31799
13622,2870
2871,50230
13621,13818
14174,13874
14252,13868
14225,13825
14266,13985
14134,34871
13922,14312
13868,14198
13891,14284
13841,14134
10295,38966
14135,31029
53047,13877
14294,13909
14207,13849
13904,14283
13859,14268
13824,14192
13878,13825
14134,18998
41271,53302
13878,13878
25143,59446
19767,13793
13821,14234
13889,14134
14135,31030
10807,13854
14313,13897
14134,14647
37430,28471
13891,14254
13865,14134
55,28726
9271,59190
sending pilot state: 1
13367,38710
13793,14134
13816,14184
13891,14281
13905,14234
13807,14231
13861,14326
13864,14329
13878,18743
16950,2615
13873,13935
13898,14269
13944,14271
13825,14217
13897,14182
13847,14266
13921,14190
13785,14133
13848,14224
13853,14203
13877,61239
38710,32311
42550,6967
13908,13852
14284,13783
13885,14209
13805,13898
13878,14278
13808,14189
13946,14134
13945,13847
14266,13892
13876,14286
13797,14134
6199,36918
26679,20790
13110,4151
13950,14232
sending pilot state: 0
13841,14182
13877,55095
57910,17975
13922,14133
60727,27702
8247,42294
33335,36662
13930,14190
13814,14273
13757,14198
13854,14318
13878,26679
20790,13622
13111,39478
27447,21814
13887,14134
13816,14134
13847,14207
13883,14217
13912,14155
13808,14273
13768,14170
13793,14134
27191,28214
17719,25654
13876,14226
13888,13878
9527,13893
14246,13897
13873,14177
13853,13887
14133,57399
27190,20023
13877,13883
14217,13895
14172,13877
14219,13860
13918,13793
sending pilot state: 1
14134,6967
37686,9527
39478,311
13856,14248
13885,14212
13791,14255
13867,14147
13840,13853
14242,13912
14133,63799
13862,13877
13862,14209
13866,14209
13842,14195
13832,14244
13841,14227
13878,9527
13622,311
39990,13856
14248,13875
13836,14299
13916,14228
13879,14244
13825,14134
22583,38454
13878,13862
14133,63543
37686,6967
13899,13842
13906,14220
13840,14263
13877,14214
13937,14224
13786,13858
13836,14198
13925,14206
13944,14236
13878,14135
13876,14184
sending pilot state: 0
13743,14134
13899,14193
13829,14236
13906,14229
13855,14134
13821,13906
13893,14196
13795,14134
13623,34357
53047,42294
9015,35126
10551,36918
13890,14167
13820,14310
13918,14207
13763,14215
13839,13899
13794,13829
13878,13878
13894,13855
13910,14133
64823,42293
13877,13795
14134,1591
35893,60983
13907,14134
13887,14205
13794,14228
13859,13820
14310,13888
14228,13891
14245,13869
13893,14133
13878,13911
14222,13860
14296,13811
14134,13797
14289,13856
sending pilot state: 1
14254,13799
13887,14294
13878,13907
14187,13915
14187,13922
13878,9015
43061,60983
51510,18231
13875,14228
13895,14236
13940,14298
13921,14258
13933,13811
14259,3854
13902,10290
14257,13891
13824,14324
13786,14162
13820,14238
13847,14277
13860,14217
13879,14252
13830,14252
13878,13110
13890,14180
13861,14134
13622,24887
45622,16439
32054,14863
13864,10290
13881,14199
13904,14241
13864,14163
13871,14233
13794,14275
13864,14220
13835,14188
13853,14113
sending pilot state: 0
13878,10807
49206,12087
57654,13861
13847,14177
13814,14180
13874,14125
13843,14220
13892,14183
13898,13904
14241,13887
14218,13806
14133,57399
43062,311
13912,14176
13882,14209
13904,13866
14268,13871
14186,13834
13879,14242
13852,14256
13962,14295
13922,14267
13827,14191
13878,18999
24374,8503
43830,21303
13824,14133
57399,43062
16951,35126
26935,39478
13893,13904
14261,13892
14237,13874
14266,13845
13913,14159
13869,14134
35383,55093
13822,14160
sending pilot state: 1
13878,2103
13883,14266
13910,14198
13878,55
13878,16951
13878,26935
39478,1079
12598,10039
11574,13892
14237,13622
12855,47670
26167,35126
33079,34614
11062,3383
13781,14219
13986,14231
13896,14185
13819,14128
13864,14138
13883,14243
13862,14152
13890,14176
13877,14209
13878,5943
40502,5431
25654,28727
13821,14168
13911,14207
13878,13837
13817,14124
13826,14302
13895,14193
13890,13819
14128,13875
14237,13886
13869,14321
13776,14134
16951,24630
sending pilot state: 0
13758,14264
13825,13845
14133,64310
13900,14204
13888,13911
13878,13854
13922,14223
13832,14232
13939,14247
13953,14232
13878,13875
14237,13873
13905,14259
13885,14286
13855,14249
13850,14233
13928,13825
13777,14209
13835,14204
13945,13888
13891,14267
13964,13922
13924,14223
13876,14258
13878,33079
38966,18487
44086,21303
31798,14647
36406,22582
15671,52790
20535,13896
14196,13860
